--------------------------------------------
Lambda: 	500.001540
--------------------------------------------
Eigenvectores
	0.000018	0.000087	0.000113	0.000218	0.000100	0.000077	0.000172	0.000097	0.000148	0.000082	0.000149	0.000266	0.000042	0.000056	0.000266	0.000009	0.000235	0.000232	0.000086	0.000323	0.000163	0.000006	0.000144	0.000261	0.000316	0.000169	0.000085	0.000094	0.000250	0.000305	0.000226	0.000221	0.000375	0.000238	0.000433	0.000339	0.000408	0.000615	0.000387	0.000259	0.000117	0.000573	0.000958	0.000561	0.001196	0.001470	0.001771	0.002215	0.008415	0.999957
--------------------------------------------
Lambda: 	490.001431
--------------------------------------------
Eigenvectores
	0.000195	0.000199	0.000014	0.000069	0.000195	0.000070	0.000202	0.000205	0.000135	0.000105	0.000186	0.000180	0.000129	0.000281	0.000003	0.000290	0.000018	0.000191	0.000089	0.000034	0.000251	0.000164	0.000307	0.000078	0.000344	0.000164	0.000137	0.000201	0.000178	0.000059	0.000031	0.000288	0.000182	0.000669	0.000133	0.000429	0.000520	0.000621	0.000143	0.000596	0.000615	0.000407	0.001635	0.001055	0.001367	0.001122	0.003959	0.009756	0.999904	-0.008451
--------------------------------------------
Lambda: 	480.000527
--------------------------------------------
Eigenvectores
	0.000172	0.000096	0.000213	0.000173	0.000079	0.000186	0.000120	0.000107	0.000149	0.000055	0.000168	0.000167	0.000184	0.000261	0.000106	0.000071	0.000113	0.000177	0.000295	0.000220	0.000128	0.000120	0.000090	0.000310	0.000362	0.000184	0.000066	0.000360	0.000117	0.000242	0.000533	0.000606	0.000130	0.000007	0.000688	0.000719	0.000338	0.000246	0.000036	0.000665	0.001063	0.000373	0.001029	0.000993	0.002892	0.004777	0.000905	0.999930	-0.009793	-0.002148
--------------------------------------------
Lambda: 	470.001058
--------------------------------------------
Eigenvectores
	0.000078	0.000193	0.000019	0.000125	0.000109	0.000072	0.000153	0.000145	0.000157	0.000197	0.000053	0.000235	0.000115	0.000143	0.000008	0.000043	0.000219	0.000322	0.000191	0.000266	0.000328	0.000067	0.000387	0.000370	0.000289	0.000361	0.000433	0.000475	0.000367	0.000089	0.000566	0.000053	0.000011	0.000340	0.000015	0.000417	0.000634	0.001004	0.000315	0.001071	0.000711	0.000554	0.002201	0.002690	0.003726	0.001552	0.999973	-0.000975	-0.003981	-0.001749
--------------------------------------------
Lambda: 	460.001269
--------------------------------------------
Eigenvectores
	0.000065	0.000152	0.000175	0.000025	0.000233	0.000169	0.000038	0.000057	0.000035	0.000220	0.000197	0.000239	0.000248	0.000299	0.000082	0.000062	0.000310	0.000294	0.000250	0.000095	0.000396	0.000192	0.000256	0.000355	0.000324	0.000406	0.000106	0.000466	0.000145	0.000250	0.000038	0.000486	0.000403	0.000543	0.000814	0.000119	0.001025	0.000664	0.000278	0.000248	0.000495	0.001636	0.001971	0.004968	0.006859	0.999944	-0.001611	-0.004820	-0.001103	-0.001464
--------------------------------------------
Lambda: 	450.000483
--------------------------------------------
Eigenvectores
	0.000204	0.000138	0.000040	0.000169	0.000149	0.000153	0.000193	0.000141	0.000125	0.000192	0.000019	0.000285	0.000016	0.000154	0.000191	0.000218	0.000118	0.000176	0.000125	0.000034	0.000041	0.000094	0.000375	0.000093	0.000118	0.000055	0.000272	0.000275	0.000281	0.000529	0.000018	0.000619	0.000816	0.000573	0.000697	0.000257	0.000449	0.000995	0.001076	0.000031	0.002128	0.002955	0.001512	0.006882	0.999929	-0.006929	-0.003753	-0.002885	-0.001342	-0.001172
--------------------------------------------
Lambda: 	440.000419
--------------------------------------------
Eigenvectores
	0.000094	0.000228	0.000194	0.000114	0.000121	0.000152	0.000185	0.000175	0.000199	0.000032	0.000012	0.000173	0.000166	0.000074	0.000195	0.000073	0.000260	0.000224	0.000242	0.000022	0.000332	0.000184	0.000194	0.000074	0.000461	0.000340	0.000284	0.000419	0.000463	0.000491	0.000079	0.000171	0.000749	0.000960	0.000009	0.001042	0.000353	0.001034	0.000677	0.000346	0.002989	0.004694	0.005029	0.999928	-0.006964	-0.004954	-0.002682	-0.000971	-0.001040	-0.000540
--------------------------------------------
Lambda: 	430.000475
--------------------------------------------
Eigenvectores
	0.000184	0.000168	0.000032	0.000150	0.000031	0.000098	0.000051	0.000253	0.000230	0.000186	0.000051	0.000161	0.000165	0.000187	0.000024	0.000065	0.000254	0.000068	0.000357	0.000403	0.000426	0.000247	0.000271	0.000076	0.000358	0.000512	0.000469	0.000361	0.000138	0.000658	0.000808	0.000518	0.000095	0.000752	0.000482	0.000229	0.000319	0.001300	0.000827	0.002608	0.002701	0.005055	0.999956	-0.005096	-0.001531	-0.001961	-0.002199	-0.001035	-0.001623	-0.000937
--------------------------------------------
Lambda: 	419.999822
--------------------------------------------
Eigenvectores
	0.000128	0.000087	0.000188	0.000145	0.000195	0.000031	0.000084	0.000046	0.000137	0.000062	0.000221	0.000311	0.000040	0.000120	0.000222	0.000110	0.000079	0.000244	0.000366	0.000219	0.000081	0.000020	0.000368	0.000336	0.000328	0.000202	0.000083	0.000709	0.000206	0.000363	0.000884	0.000836	0.001031	0.000686	0.001044	0.000917	0.000354	0.000044	0.000602	0.001932	0.002633	0.999961	-0.005106	-0.004713	-0.002941	-0.001593	-0.000526	-0.000359	-0.000392	-0.000559
--------------------------------------------
Lambda: 	410.000444
--------------------------------------------
Eigenvectores
	0.000194	0.000229	0.000041	0.000098	0.000153	0.000028	0.000148	0.000149	0.000017	0.000073	0.000269	0.000191	0.000186	0.000287	0.000262	0.000077	0.000220	0.000113	0.000008	0.000092	0.000140	0.000069	0.000355	0.000448	0.000185	0.000068	0.000217	0.000161	0.000009	0.000327	0.000747	0.000669	0.001154	0.000409	0.000316	0.000564	0.002405	0.002324	0.003969	0.002586	0.999966	-0.002682	-0.002727	-0.002993	-0.002116	-0.000471	-0.000700	-0.001059	-0.000597	-0.000106
--------------------------------------------
Lambda: 	400.000817
--------------------------------------------
Eigenvectores
	0.000077	0.000062	0.000068	0.000230	0.000082	0.000205	0.000259	0.000240	0.000018	0.000106	0.000250	0.000332	0.000311	0.000349	0.000240	0.000389	0.000019	0.000217	0.000327	0.000042	0.000395	0.000432	0.000352	0.000023	0.000100	0.000466	0.000446	0.000720	0.000500	0.000186	0.000596	0.000580	0.000286	0.001462	0.000597	0.002194	0.001312	0.002538	0.005118	0.999968	-0.002635	-0.001952	-0.002610	-0.000334	-0.000035	-0.000250	-0.001073	-0.000668	-0.000586	-0.000253
--------------------------------------------
Lambda: 	390.000943
--------------------------------------------
Eigenvectores
	0.000257	0.000091	0.000164	0.000261	0.000288	0.000267	0.000147	0.000214	0.000047	0.000291	0.000131	0.000089	0.000201	0.000382	0.000271	0.000316	0.000457	0.000443	0.000132	0.000251	0.000056	0.000558	0.000244	0.000454	0.000674	0.000294	0.000208	0.000108	0.000468	0.000327	0.000574	0.000588	0.001468	0.000706	0.002016	0.002272	0.004560	0.004252	0.999950	-0.005160	-0.003991	-0.000603	-0.000818	-0.000678	-0.001075	-0.000275	-0.000310	-0.000032	-0.000144	-0.000388
--------------------------------------------
Lambda: 	380.001210
--------------------------------------------
Eigenvectores
	0.000135	0.000233	0.000068	0.000115	0.000156	0.000082	0.000161	0.000090	0.000282	0.000226	0.000151	0.000361	0.000281	0.000400	0.000088	0.000287	0.000173	0.000032	0.000401	0.000288	0.000479	0.000199	0.000077	0.000420	0.000601	0.000372	0.000209	0.000784	0.000805	0.000668	0.000574	0.000773	0.001804	0.001808	0.000899	0.004633	0.008940	0.999925	-0.004339	-0.002556	-0.002341	-0.000062	-0.001304	-0.001044	-0.000997	-0.000665	-0.001002	-0.000249	-0.000621	-0.000610
--------------------------------------------
Lambda: 	369.999165
--------------------------------------------
Eigenvectores
	0.000144	0.000249	0.000086	0.000048	0.000202	0.000028	0.000287	0.000200	0.000233	0.000286	0.000198	0.000293	0.000012	0.000364	0.000169	0.000410	0.000374	0.000496	0.000116	0.000481	0.000146	0.000350	0.000662	0.000384	0.000415	0.000324	0.000291	0.001060	0.000794	0.001407	0.000518	0.000142	0.000233	0.000103	0.000489	0.001800	0.999939	-0.008986	-0.004548	-0.001284	-0.002372	-0.000355	-0.000304	-0.000346	-0.000441	-0.001018	-0.000623	-0.000334	-0.000509	-0.000395
--------------------------------------------
Lambda: 	360.001077
--------------------------------------------
Eigenvectores
	0.000183	0.000130	0.000115	0.000058	0.000073	0.000180	0.000096	0.000335	0.000113	0.000100	0.000260	0.000231	0.000253	0.000200	0.000058	0.000066	0.000430	0.000494	0.000199	0.000444	0.000186	0.000480	0.000140	0.000529	0.000207	0.000183	0.000535	0.000058	0.000659	0.001474	0.001612	0.001575	0.003071	0.003744	0.009679	0.999917	-0.001870	-0.004662	-0.002291	-0.002190	-0.000554	-0.000937	-0.000229	-0.001041	-0.000257	-0.000123	-0.000410	-0.000727	-0.000421	-0.000335
--------------------------------------------
Lambda: 	349.999929
--------------------------------------------
Eigenvectores
	0.000087	0.000051	0.000236	0.000192	0.000211	0.000090	0.000060	0.000156	0.000148	0.000016	0.000257	0.000377	0.000068	0.000221	0.000435	0.000501	0.000236	0.000030	0.000440	0.000192	0.000077	0.000162	0.000440	0.000471	0.000947	0.000196	0.000580	0.000260	0.000890	0.001605	0.000396	0.002581	0.004608	0.002961	0.999927	-0.009727	-0.000499	-0.000882	-0.002008	-0.000577	-0.000315	-0.001050	-0.000481	-0.000007	-0.000704	-0.000814	-0.000008	-0.000679	-0.000126	-0.000427
--------------------------------------------
Lambda: 	340.000140
--------------------------------------------
Eigenvectores
	0.000186	0.000216	0.000125	0.000308	0.000026	0.000234	0.000215	0.000034	0.000041	0.000277	0.000368	0.000320	0.000258	0.000369	0.000321	0.000153	0.000021	0.000367	0.000180	0.000348	0.000732	0.000488	0.000045	0.000639	0.000728	0.001102	0.000969	0.001150	0.000694	0.000230	0.002898	0.001097	0.003911	0.999968	-0.003030	-0.003753	-0.000127	-0.001812	-0.000706	-0.001456	-0.000413	-0.000697	-0.000754	-0.000960	-0.000568	-0.000533	-0.000335	-0.000006	-0.000664	-0.000228
--------------------------------------------
Lambda: 	329.999164
--------------------------------------------
Eigenvectores
	0.000260	0.000113	0.000227	-0.000000	0.000082	0.000253	0.000191	0.000131	0.000040	0.000354	0.000239	0.000184	0.000323	0.000483	0.000115	0.000278	0.000118	0.000088	0.000314	0.000002	0.000654	0.000797	0.000062	0.000790	0.000350	0.000106	0.001462	0.001296	0.000802	0.000153	0.000537	0.002164	0.999966	-0.003954	-0.004643	-0.003035	-0.000257	-0.001795	-0.001452	-0.000270	-0.001149	-0.001028	-0.000087	-0.000741	-0.000802	-0.000389	-0.000003	-0.000124	-0.000177	-0.000366
--------------------------------------------
Lambda: 	320.001141
--------------------------------------------
Eigenvectores
	0.000166	0.000217	0.000326	0.000029	0.000124	0.000355	0.000354	0.000121	0.000380	0.000161	0.000006	0.000099	0.000319	0.000350	0.000543	0.000474	0.000384	0.000176	0.000501	0.000023	0.000098	0.000120	0.000977	0.001051	0.000287	0.000491	0.000880	0.002028	0.002253	0.001747	0.010068	0.999931	-0.002204	-0.001144	-0.002600	-0.001570	-0.000165	-0.000776	-0.000589	-0.000584	-0.000675	-0.000845	-0.000523	-0.000170	-0.000617	-0.000481	-0.000056	-0.000607	-0.000279	-0.000216
--------------------------------------------
Lambda: 	309.999583
--------------------------------------------
Eigenvectores
	0.000072	0.000254	0.000350	0.000323	0.000124	0.000080	0.000379	0.000158	0.000214	0.000418	0.000324	0.000476	0.000340	0.000125	0.000406	0.000598	0.000650	0.000121	0.000563	0.000045	0.000926	0.000735	0.001133	0.001209	0.000451	0.001551	0.002241	0.000951	0.000780	0.004625	0.999923	-0.010098	-0.000548	-0.002906	-0.000392	-0.001600	-0.000537	-0.000563	-0.000569	-0.000590	-0.000741	-0.000878	-0.000800	-0.000069	-0.000011	-0.000034	-0.000565	-0.000526	-0.000019	-0.000221
--------------------------------------------
Lambda: 	300.000941
--------------------------------------------
Eigenvectores
	0.000344	0.000104	0.000282	0.000023	0.000282	0.000311	0.000394	0.000294	0.000104	0.000180	0.000168	0.000377	0.000248	0.000142	0.000241	0.000266	0.000187	0.000088	0.000281	0.000368	0.000834	0.000174	0.000985	0.001561	0.000964	0.001921	0.000232	0.004498	0.008730	0.999930	-0.004670	-0.001744	-0.000180	-0.000245	-0.001628	-0.001464	-0.001426	-0.000661	-0.000319	-0.000187	-0.000323	-0.000367	-0.000658	-0.000495	-0.000527	-0.000245	-0.000088	-0.000237	-0.000057	-0.000302
--------------------------------------------
Lambda: 	289.999699
--------------------------------------------
Eigenvectores
	0.000036	0.000267	0.000188	0.000400	0.000095	0.000141	0.000133	0.000049	0.000354	0.000152	0.000388	0.000484	0.000416	0.000396	0.000341	0.000677	0.000244	0.000051	0.000398	0.000386	0.000914	0.000542	0.001299	0.001480	0.000247	0.002039	0.002990	0.000311	0.999946	-0.008755	-0.000785	-0.002247	-0.000816	-0.000702	-0.000878	-0.000641	-0.000795	-0.000793	-0.000459	-0.000494	-0.000002	-0.000204	-0.000134	-0.000460	-0.000273	-0.000139	-0.000366	-0.000114	-0.000175	-0.000243
--------------------------------------------
Lambda: 	279.999950
--------------------------------------------
Eigenvectores
	0.000047	0.000358	0.000050	0.000054	0.000275	0.000332	0.000261	0.000037	0.000520	0.000459	0.000478	0.000313	0.000584	0.000457	0.000149	0.000247	0.000398	0.000595	0.000581	0.000930	0.000825	0.000141	0.001553	0.000963	0.002955	0.002938	0.003050	0.999967	-0.000383	-0.004522	-0.000977	-0.002026	-0.001308	-0.001156	-0.000250	-0.000051	-0.001069	-0.000776	-0.000106	-0.000720	-0.000158	-0.000710	-0.000359	-0.000418	-0.000272	-0.000462	-0.000474	-0.000357	-0.000195	-0.000088
--------------------------------------------
Lambda: 	269.999756
--------------------------------------------
Eigenvectores
	0.000154	0.000370	0.000042	0.000385	0.000113	0.000297	0.000396	0.000080	0.000248	0.000130	0.000426	0.000101	0.000614	0.000054	0.000517	0.000140	0.000494	0.000211	0.000252	0.001369	0.000003	0.000259	0.000199	0.002674	0.000514	0.000579	0.999980	-0.003070	-0.003007	-0.000216	-0.002256	-0.000856	-0.001466	-0.000961	-0.000574	-0.000521	-0.000290	-0.000199	-0.000205	-0.000440	-0.000214	-0.000080	-0.000467	-0.000280	-0.000267	-0.000101	-0.000428	-0.000063	-0.000132	-0.000080
--------------------------------------------
Lambda: 	260.000039
--------------------------------------------
Eigenvectores
	0.000064	0.000181	0.000394	0.000094	0.000310	0.000304	0.000108	0.000146	0.000029	0.000300	0.000612	0.000133	0.000611	0.000051	0.000507	0.000967	0.000438	0.001015	0.000500	0.001371	0.001551	0.001509	0.001528	0.000485	0.003443	0.999976	-0.000609	-0.002970	-0.002066	-0.001909	-0.001555	-0.000470	-0.000111	-0.001102	-0.000194	-0.000178	-0.000328	-0.000369	-0.000296	-0.000462	-0.000067	-0.000203	-0.000512	-0.000338	-0.000054	-0.000405	-0.000357	-0.000182	-0.000161	-0.000165
--------------------------------------------
Lambda: 	250.000042
--------------------------------------------
Eigenvectores
	0.000335	0.000017	0.000076	0.000477	0.000040	0.000096	0.000480	0.000360	0.000453	0.000114	0.000393	0.000679	0.000138	0.000905	0.000563	0.000711	0.000090	0.000429	0.001549	0.001060	0.001888	0.001094	0.000629	0.004129	0.999972	-0.003470	-0.000541	-0.002963	-0.000263	-0.000959	-0.000456	-0.000286	-0.000362	-0.000731	-0.000949	-0.000203	-0.000423	-0.000600	-0.000671	-0.000094	-0.000185	-0.000330	-0.000357	-0.000458	-0.000116	-0.000321	-0.000287	-0.000363	-0.000339	-0.000310
--------------------------------------------
Lambda: 	240.000155
--------------------------------------------
Eigenvectores
	0.000059	0.000242	0.000199	0.000077	0.000472	0.000195	0.000541	0.000413	0.000576	0.000658	0.000497	0.000262	0.000430	0.000476	0.000449	0.000996	0.000880	0.001261	0.000035	0.001537	0.001581	0.003289	0.006798	0.999948	-0.004156	-0.000510	-0.002693	-0.000973	-0.001505	-0.001560	-0.001222	-0.001043	-0.000793	-0.000634	-0.000466	-0.000520	-0.000391	-0.000411	-0.000450	-0.000021	-0.000446	-0.000333	-0.000073	-0.000071	-0.000094	-0.000355	-0.000368	-0.000306	-0.000075	-0.000256
--------------------------------------------
Lambda: 	229.999595
--------------------------------------------
Eigenvectores
	0.000110	0.000316	0.000276	0.000029	0.000459	0.000375	0.000587	0.000262	0.000079	0.000070	0.000213	0.000592	0.000602	0.000495	0.000417	0.000692	0.000168	0.000627	0.001348	0.002954	0.000819	0.004633	0.999953	-0.006835	-0.000629	-0.001551	-0.000200	-0.001557	-0.001305	-0.000967	-0.001134	-0.000956	-0.000061	-0.000040	-0.000437	-0.000135	-0.000662	-0.000071	-0.000243	-0.000352	-0.000352	-0.000366	-0.000270	-0.000193	-0.000373	-0.000250	-0.000382	-0.000087	-0.000304	-0.000137
--------------------------------------------
Lambda: 	220.000971
--------------------------------------------
Eigenvectores
	0.000012	0.000259	0.000146	0.000423	0.000100	0.000423	0.000516	0.000244	0.000232	0.000064	0.000670	0.000882	0.000299	0.000734	0.001388	0.000748	0.001841	0.002274	0.002118	0.002557	0.008967	0.999928	-0.004684	-0.003293	-0.001113	-0.001525	-0.000262	-0.000142	-0.000545	-0.000173	-0.000739	-0.000112	-0.000806	-0.000492	-0.000162	-0.000480	-0.000354	-0.000199	-0.000556	-0.000431	-0.000064	-0.000019	-0.000249	-0.000184	-0.000092	-0.000192	-0.000066	-0.000120	-0.000162	-0.000004
--------------------------------------------
Lambda: 	209.999157
--------------------------------------------
Eigenvectores
	0.000305	0.000397	0.000104	0.000333	0.000312	0.000460	0.000268	0.000380	0.000643	0.000753	0.000295	0.000730	0.000991	0.001151	0.001257	0.000340	0.001602	0.002247	0.001294	0.000978	0.999944	-0.009002	-0.000807	-0.001571	-0.001890	-0.001546	-0.000011	-0.000826	-0.000917	-0.000822	-0.000917	-0.000087	-0.000650	-0.000723	-0.000071	-0.000180	-0.000148	-0.000474	-0.000050	-0.000390	-0.000138	-0.000082	-0.000424	-0.000329	-0.000040	-0.000391	-0.000324	-0.000126	-0.000246	-0.000158
--------------------------------------------
Lambda: 	199.999890
--------------------------------------------
Eigenvectores
	0.000078	0.000207	0.000134	0.000511	0.000448	0.000294	0.000526	0.000684	0.000712	0.000236	0.000419	0.000423	0.001109	0.000952	0.000518	0.002338	0.001533	0.003485	0.002552	0.999971	-0.001032	-0.002593	-0.002969	-0.001530	-0.001067	-0.001373	-0.001372	-0.000922	-0.000381	-0.000356	-0.000038	-0.000020	-0.000002	-0.000347	-0.000196	-0.000444	-0.000483	-0.000282	-0.000248	-0.000040	-0.000091	-0.000220	-0.000401	-0.000018	-0.000034	-0.000094	-0.000263	-0.000219	-0.000032	-0.000321
--------------------------------------------
Lambda: 	190.000749
--------------------------------------------
Eigenvectores
	0.000402	0.000318	0.000281	0.000305	0.000709	0.000034	0.000104	0.000764	0.000008	0.000668	0.000471	0.000260	0.001271	0.001426	0.002269	0.002967	0.000608	0.008286	0.999945	-0.002610	-0.001347	-0.002138	-0.001346	-0.000043	-0.001556	-0.000504	-0.000258	-0.000582	-0.000402	-0.000278	-0.000568	-0.000499	-0.000317	-0.000181	-0.000440	-0.000198	-0.000123	-0.000399	-0.000133	-0.000328	-0.000009	-0.000369	-0.000353	-0.000241	-0.000125	-0.000249	-0.000189	-0.000293	-0.000085	-0.000084
--------------------------------------------
Lambda: 	179.999198
--------------------------------------------
Eigenvectores
	0.000373	0.000164	0.000205	0.000141	0.000691	0.000517	0.000634	0.000614	0.000456	0.000766	0.000013	0.001420	0.001259	0.000020	0.002523	0.003807	0.001863	0.999936	-0.008329	-0.003496	-0.002271	-0.002250	-0.000613	-0.001255	-0.000413	-0.001008	-0.000208	-0.000585	-0.000046	-0.000081	-0.000118	-0.000174	-0.000087	-0.000365	-0.000033	-0.000491	-0.000497	-0.000024	-0.000441	-0.000212	-0.000112	-0.000241	-0.000063	-0.000223	-0.000177	-0.000289	-0.000316	-0.000173	-0.000188	-0.000227
--------------------------------------------
Lambda: 	170.000500
--------------------------------------------
Eigenvectores
	0.000577	0.000570	0.000564	0.000054	0.000626	0.000169	0.000769	0.001012	0.000177	0.000752	0.000926	0.001304	0.001478	0.001355	0.003896	0.006268	0.999960	-0.001925	-0.000639	-0.001558	-0.001630	-0.001838	-0.000171	-0.000883	-0.000094	-0.000442	-0.000499	-0.000398	-0.000250	-0.000189	-0.000657	-0.000383	-0.000121	-0.000021	-0.000245	-0.000427	-0.000379	-0.000171	-0.000456	-0.000019	-0.000220	-0.000081	-0.000254	-0.000260	-0.000119	-0.000307	-0.000214	-0.000111	-0.000018	-0.000233
--------------------------------------------
Lambda: 	159.999322
--------------------------------------------
Eigenvectores
	0.000631	0.000640	0.000215	0.000064	0.000885	0.000710	0.001013	0.001150	0.001282	0.001005	0.000302	0.000630	0.002885	0.001221	0.004715	0.999943	-0.006315	-0.003855	-0.002963	-0.002327	-0.000344	-0.000734	-0.000693	-0.000989	-0.000709	-0.000961	-0.000140	-0.000241	-0.000678	-0.000261	-0.000597	-0.000467	-0.000280	-0.000151	-0.000497	-0.000056	-0.000409	-0.000282	-0.000310	-0.000386	-0.000074	-0.000107	-0.000059	-0.000071	-0.000216	-0.000056	-0.000038	-0.000070	-0.000287	-0.000002
--------------------------------------------
Lambda: 	149.999141
--------------------------------------------
Eigenvectores
	0.000361	0.000738	0.000514	0.000471	0.000824	0.000333	0.001186	0.000449	0.000562	0.000327	0.001322	0.000987	0.001583	0.004317	0.999958	-0.004778	-0.003894	-0.002533	-0.002252	-0.000505	-0.001267	-0.001367	-0.000412	-0.000440	-0.000559	-0.000496	-0.000518	-0.000145	-0.000339	-0.000238	-0.000403	-0.000537	-0.000116	-0.000319	-0.000430	-0.000050	-0.000167	-0.000086	-0.000267	-0.000236	-0.000261	-0.000219	-0.000019	-0.000192	-0.000187	-0.000077	-0.000004	-0.000104	-0.000002	-0.000263
--------------------------------------------
Lambda: 	140.000240
--------------------------------------------
Eigenvectores
	0.000280	0.000190	0.000395	0.000132	0.000971	0.000603	0.000613	0.000590	0.001971	0.001198	0.001272	0.000002	0.009525	0.999935	-0.004357	-0.001254	-0.001357	-0.000040	-0.001435	-0.000963	-0.001165	-0.000720	-0.000497	-0.000478	-0.000901	-0.000050	-0.000060	-0.000462	-0.000399	-0.000139	-0.000129	-0.000350	-0.000487	-0.000369	-0.000217	-0.000200	-0.000368	-0.000398	-0.000379	-0.000346	-0.000284	-0.000117	-0.000185	-0.000073	-0.000153	-0.000298	-0.000141	-0.000261	-0.000277	-0.000049
--------------------------------------------
Lambda: 	129.998541
--------------------------------------------
Eigenvectores
	0.000516	0.000047	0.000635	0.000102	0.001136	0.000679	0.000294	0.000255	0.001561	0.002926	0.001116	0.000184	0.999936	-0.009555	-0.001577	-0.002898	-0.001456	-0.001266	-0.001246	-0.001093	-0.000981	-0.000277	-0.000596	-0.000421	-0.000127	-0.000607	-0.000615	-0.000577	-0.000409	-0.000240	-0.000336	-0.000308	-0.000318	-0.000251	-0.000063	-0.000248	-0.000008	-0.000275	-0.000194	-0.000303	-0.000180	-0.000036	-0.000160	-0.000162	-0.000013	-0.000243	-0.000111	-0.000179	-0.000122	-0.000037
--------------------------------------------
Lambda: 	119.999839
--------------------------------------------
Eigenvectores
	0.000435	0.000453	0.000980	0.000952	0.001189	0.001125	0.000661	0.000299	0.002429	0.001514	0.004511	0.999978	-0.000212	-0.000028	-0.001015	-0.000653	-0.001312	-0.001427	-0.000255	-0.000427	-0.000741	-0.000878	-0.000593	-0.000262	-0.000681	-0.000133	-0.000106	-0.000316	-0.000489	-0.000375	-0.000476	-0.000095	-0.000188	-0.000321	-0.000378	-0.000227	-0.000295	-0.000359	-0.000086	-0.000331	-0.000190	-0.000311	-0.000159	-0.000172	-0.000284	-0.000235	-0.000232	-0.000166	-0.000178	-0.000262
--------------------------------------------
Lambda: 	109.999712
--------------------------------------------
Eigenvectores
	0.000551	0.000017	0.000182	0.000913	0.001234	0.000462	0.002055	0.001652	0.001609	0.003753	0.999972	-0.004532	-0.001153	-0.001284	-0.001327	-0.000311	-0.000922	-0.000016	-0.000473	-0.000423	-0.000302	-0.000664	-0.000213	-0.000501	-0.000391	-0.000611	-0.000428	-0.000475	-0.000385	-0.000163	-0.000321	-0.000002	-0.000241	-0.000365	-0.000255	-0.000255	-0.000199	-0.000146	-0.000129	-0.000246	-0.000266	-0.000217	-0.000047	-0.000009	-0.000018	-0.000194	-0.000051	-0.000166	-0.000184	-0.000144
--------------------------------------------
Lambda: 	99.999437
--------------------------------------------
Eigenvectores
	0.000303	0.000076	0.001311	0.001607	0.000052	0.002071	-0.000008	0.001082	0.002559	0.999976	-0.003777	-0.001515	-0.002948	-0.001180	-0.000329	-0.001011	-0.000742	-0.000768	-0.000655	-0.000229	-0.000750	-0.000052	-0.000071	-0.000656	-0.000110	-0.000296	-0.000130	-0.000455	-0.000150	-0.000177	-0.000415	-0.000156	-0.000352	-0.000271	-0.000012	-0.000097	-0.000286	-0.000221	-0.000287	-0.000100	-0.000069	-0.000060	-0.000185	-0.000032	-0.000192	-0.000215	-0.000193	-0.000052	-0.000101	-0.000078
--------------------------------------------
Lambda: 	89.999864
--------------------------------------------
Eigenvectores
	0.000957	0.000499	0.001579	0.001310	0.001565	0.001974	0.004893	0.001918	0.999967	-0.002590	-0.001636	-0.002434	-0.001585	-0.001966	-0.000567	-0.001286	-0.000169	-0.000455	-0.000001	-0.000712	-0.000642	-0.000225	-0.000082	-0.000576	-0.000449	-0.000026	-0.000250	-0.000516	-0.000351	-0.000101	-0.000214	-0.000377	-0.000037	-0.000038	-0.000146	-0.000111	-0.000233	-0.000277	-0.000044	-0.000016	-0.000016	-0.000138	-0.000229	-0.000198	-0.000123	-0.000030	-0.000154	-0.000148	-0.000132	-0.000145
--------------------------------------------
Lambda: 	79.999738
--------------------------------------------
Eigenvectores
	0.000475	0.001478	0.000430	0.001822	0.002472	0.001702	0.001992	0.999984	-0.001951	-0.001097	-0.001661	-0.000300	-0.000267	-0.000595	-0.000464	-0.001164	-0.001009	-0.000621	-0.000759	-0.000680	-0.000380	-0.000237	-0.000263	-0.000410	-0.000356	-0.000142	-0.000080	-0.000034	-0.000050	-0.000294	-0.000157	-0.000119	-0.000131	-0.000034	-0.000157	-0.000332	-0.000200	-0.000087	-0.000212	-0.000238	-0.000147	-0.000045	-0.000251	-0.000174	-0.000140	-0.000054	-0.000142	-0.000106	-0.000202	-0.000093
--------------------------------------------
Lambda: 	69.999135
--------------------------------------------
Eigenvectores
	0.000321	0.001310	0.001194	0.002630	0.004325	0.000107	0.999966	-0.002028	-0.004914	0.000002	-0.002061	-0.000656	-0.000305	-0.000613	-0.001195	-0.001014	-0.000761	-0.000632	-0.000099	-0.000522	-0.000269	-0.000512	-0.000588	-0.000534	-0.000474	-0.000105	-0.000395	-0.000257	-0.000132	-0.000392	-0.000377	-0.000347	-0.000190	-0.000212	-0.000056	-0.000092	-0.000286	-0.000157	-0.000144	-0.000256	-0.000145	-0.000082	-0.000048	-0.000184	-0.000190	-0.000035	-0.000149	-0.000119	-0.000198	-0.000167
--------------------------------------------
Lambda: 	59.999845
--------------------------------------------
Eigenvectores
	0.001821	0.000475	0.003025	0.001180	0.005818	0.999968	-0.000159	-0.001732	-0.002002	-0.002080	-0.000467	-0.001130	-0.000690	-0.000601	-0.000341	-0.000711	-0.000166	-0.000517	-0.000032	-0.000294	-0.000461	-0.000419	-0.000376	-0.000191	-0.000095	-0.000305	-0.000298	-0.000330	-0.000141	-0.000309	-0.000080	-0.000354	-0.000253	-0.000232	-0.000089	-0.000176	-0.000027	-0.000080	-0.000266	-0.000200	-0.000027	-0.000031	-0.000096	-0.000152	-0.000152	-0.000167	-0.000069	-0.000185	-0.000067	-0.000074
--------------------------------------------
Lambda: 	49.998366
--------------------------------------------
Eigenvectores
	0.001964	0.000261	0.003353	0.001763	0.999955	-0.005848	-0.004355	-0.002470	-0.001549	-0.000056	-0.001231	-0.001180	-0.001147	-0.000958	-0.000822	-0.000876	-0.000613	-0.000685	-0.000699	-0.000436	-0.000303	-0.000088	-0.000454	-0.000461	-0.000033	-0.000305	-0.000108	-0.000267	-0.000092	-0.000276	-0.000118	-0.000117	-0.000079	-0.000022	-0.000209	-0.000069	-0.000200	-0.000152	-0.000283	-0.000076	-0.000150	-0.000193	-0.000027	-0.000118	-0.000145	-0.000228	-0.000105	-0.000076	-0.000190	-0.000094
--------------------------------------------
Lambda: 	39.999763
--------------------------------------------
Eigenvectores
	0.002597	0.002637	0.008152	0.999948	-0.001825	-0.001213	-0.002651	-0.001827	-0.001315	-0.001617	-0.000903	-0.000950	-0.000102	-0.000130	-0.000472	-0.000060	-0.000054	-0.000142	-0.000306	-0.000508	-0.000334	-0.000417	-0.000026	-0.000075	-0.000473	-0.000093	-0.000385	-0.000049	-0.000399	-0.000020	-0.000322	-0.000026	-0.000001	-0.000307	-0.000191	-0.000055	-0.000048	-0.000114	-0.000260	-0.000226	-0.000097	-0.000145	-0.000147	-0.000113	-0.000166	-0.000024	-0.000122	-0.000173	-0.000066	-0.000215
--------------------------------------------
Lambda: 	29.998931
--------------------------------------------
Eigenvectores
	0.001921	0.009455	0.999905	-0.008201	-0.003376	-0.003014	-0.001183	-0.000422	-0.001567	-0.001295	-0.000168	-0.000966	-0.000631	-0.000384	-0.000513	-0.000213	-0.000561	-0.000199	-0.000276	-0.000125	-0.000100	-0.000140	-0.000276	-0.000194	-0.000071	-0.000392	-0.000041	-0.000049	-0.000187	-0.000279	-0.000348	-0.000321	-0.000227	-0.000121	-0.000231	-0.000110	-0.000086	-0.000065	-0.000158	-0.000062	-0.000040	-0.000185	-0.000030	-0.000193	-0.000037	-0.000172	-0.000016	-0.000209	-0.000011	-0.000108
