25 25
8.226169833718188773e-01 8.934919811578303506e-01 1.394826610370442088e-01 -2.065839189408843202e-01 1.833261859569842306e-02 1.252566979144293380e-01 -1.249972400750195334e+00 8.211029775787176410e-02 -9.069687874715968157e-01 -2.086976429083881035e-01 -9.017546077005140770e-01 1.962017066444287916e-01 -8.508201810883823102e-01 -5.539475228638653936e-01 7.349551634995842297e-01 7.627259300097768424e-01 -6.989024411749336640e-02 -1.312619108844721216e+00 5.050098324380983827e-01 3.940771098770482483e-01 7.114523473586470415e-02 -1.133968385220230468e+00 -5.712910623837069712e-01 4.193634063851742200e-01 5.889349495520940225e-02
8.934919811578129201e-01 2.312256399850622923e+00 1.782078702896271460e-01 -4.127390907068904657e-01 -4.033331043382895609e-03 1.583124204799912504e-01 -2.460187088185267879e+00 9.528334508452257793e-04 -2.072017795802511664e+00 -2.460871675828200933e-01 -1.917849927851071445e+00 5.552020223271049160e-01 -1.939830984764021160e+00 -1.333412149253968337e+00 1.454374960833046737e+00 1.580848639547798085e+00 -1.155299680240107207e-01 -2.904768185696571692e+00 1.135960083283816147e+00 8.399576062037173996e-01 1.914349980161978992e-01 -2.461363431522081591e+00 -1.063266159707058289e+00 9.197837790874926478e-01 9.962172909148407640e-02
1.394826610370716591e-01 1.782078702896537636e-01 6.836539112575268362e-01 -9.819417575057021175e-02 -6.940948539848415533e-02 5.875312685363857229e-02 -4.599008238631339673e-01 4.247220928595415307e-02 -3.181853272992293813e-01 -4.385133590123219127e-02 -3.011347628599300164e-01 1.328270078935918086e-01 -4.056722797683109949e-01 -2.511608590785303075e-01 1.504123583715331336e-01 3.245029761547295610e-01 -5.112994574582271218e-02 -4.956390126503832927e-01 2.391828443571500928e-01 2.199039469089682231e-01 7.693406370370745040e-02 -4.056906183926567988e-01 -1.318303632095808864e-01 1.335056367458146986e-01 1.069843739542086780e-01
-2.065839189408837651e-01 -4.127390907068932413e-01 -9.819417575056489655e-02 6.640208830379736860e-01 -5.788531712230676751e-02 -1.249988931919413654e-01 6.736243058213390311e-01 8.588380355188540705e-02 4.815567784700431897e-01 2.087270122478081802e-01 5.031384481008367437e-01 -9.303828226863310180e-02 5.794568516647023992e-01 2.972966983847109002e-01 -3.223820882732325033e-01 -4.467548463997902397e-01 2.548510961983830453e-02 7.442198416484825385e-01 -2.222871053895689175e-01 -1.567970512810228090e-01 -1.406367063372616633e-01 6.480664476326999379e-01 3.635277807630301616e-01 -3.634682129111518889e-01 3.931303952449472644e-02
1.833261859572257041e-02 -4.033331043361460498e-03 -6.940948539847947851e-02 -5.788531712231139575e-02 5.272852307948189265e-01 -2.069483359706378311e-02 1.098896649769920408e-01 -1.462631657492359342e-02 5.111855698011934929e-02 3.137002805524123639e-02 1.237786160880611358e-01 4.216469948674948093e-02 8.011521194159897108e-02 1.392306758591560223e-01 -2.736801587110075651e-02 -3.086793083167782559e-02 1.892703521043641746e-03 1.279068584664577179e-01 -7.060033055956860260e-02 -7.068097827164071534e-02 1.288647243983313297e-02 1.051097304012135053e-01 3.831430958349828220e-02 1.247130182931516576e-02 -3.236158640573738848e-03
1.252566979144145165e-01 1.583124204799788715e-01 5.875312685363531795e-02 -1.249988931919385760e-01 -2.069483359706505293e-02 4.709679580647559427e-01 -1.664881097158298073e-01 -4.632509933767304383e-02 -2.583798208196958629e-02 -7.968800577871583413e-02 -1.059867354997581640e-01 1.990530641950223958e-02 -1.444209154450224186e-01 -1.405096004379380592e-01 9.429614527134357049e-02 1.364469370629021461e-01 -4.114195921641875670e-02 -1.723192723443550400e-01 -7.435437909982981798e-03 1.125812287270297890e-01 1.281368015220838152e-01 -1.610420331152352391e-01 -7.873358147265778484e-02 4.447644951945315533e-02 7.641183945352457429e-02
-1.249972400750179347e+00 -2.460187088185274096e+00 -4.599008238630964973e-01 6.736243058213371437e-01 1.098896649770232242e-01 -1.664881097158461276e-01 3.896319640618902902e+00 -4.440557857563749711e-02 2.773646939082990315e+00 4.806375113532644350e-01 2.646547010832747571e+00 -5.624325285109996742e-01 2.529231725012513810e+00 1.857674517854495999e+00 -1.886903006124542204e+00 -2.255435166788582801e+00 3.494771232361706947e-01 3.865547461462607970e+00 -1.472874663905072712e+00 -1.106733507014534101e+00 -1.079872399237846448e-01 3.422227850662852511e+00 1.432155989442494004e+00 -1.107635070203016214e+00 -2.419966963213735500e-01
8.211029775786002349e-02 9.528334508333143006e-04 4.247220928594511863e-02 8.588380355189081938e-02 -1.462631657492745318e-02 -4.632509933766949806e-02 -4.440557857561802657e-02 3.865229775260312639e-01 1.669937846414138935e-02 7.379729155746654612e-02 3.963681320711926609e-02 -6.273958994807447842e-02 4.085320743008087618e-02 5.728788860165977270e-02 6.906448133459762440e-02 3.193274947718074963e-02 -1.330921653159712892e-01 1.879798242967174390e-02 -2.422385508247752034e-02 4.134194039434022777e-02 4.347227184446091075e-02 -2.092855400373291874e-02 -7.663280001594362408e-03 9.772443549874916882e-03 -5.768769927537085312e-02
-9.069687874716095832e-01 -2.072017795802543194e+00 -3.181853272992103410e-01 4.815567784700494625e-01 5.111855698014015903e-02 -2.583798208198179180e-02 2.773646939083028951e+00 1.669937846412210963e-02 2.629700880594533885e+00 2.961094121833848791e-01 2.009665174929966103e+00 -4.850957747199742820e-01 2.044754579312653586e+00 1.411901550040830955e+00 -1.475741979217909616e+00 -1.741469655278727213e+00 2.341838179777879780e-01 3.114256465492267978e+00 -1.104041118252359288e+00 -9.203715702865628012e-01 -2.305505930072421494e-01 2.767274517516131738e+00 1.117787125273929094e+00 -9.377617886339572051e-01 -8.151162855410665209e-02
-2.086976429083760298e-01 -2.460871675828091021e-01 -4.385133590121946534e-02 2.087270122478030177e-01 3.137002805524786997e-02 -7.968800577872041380e-02 4.806375113532433963e-01 7.379729155746297953e-02 2.961094121833603432e-01 4.450400974323885928e-01 3.965684898591752550e-01 -1.497619102005376228e-02 3.650459869879562613e-01 2.845316800371184840e-01 -2.433165922155449135e-01 -3.289000975889868061e-01 7.492764300508729727e-03 5.257211703761476285e-01 -2.205574471939046877e-01 -1.111420438126156235e-01 -8.338672681072472823e-03 5.161946229710558942e-01 1.770362834770931870e-01 -1.844371209474049700e-01 -3.400962433966582543e-02
-9.017546077005098581e-01 -1.917849927851079217e+00 -3.011347628599104209e-01 5.031384481008368548e-01 1.237786160880794267e-01 -1.059867354997677674e-01 2.646547010832751123e+00 3.963681320710431971e-02 2.009665174929943010e+00 3.965684898591908536e-01 2.258995221335684533e+00 -4.802715154031335643e-01 1.961315799001753124e+00 1.345201380357316401e+00 -1.398602281957689319e+00 -1.582495895653050821e+00 1.058398003634078294e-01 2.759825460714600887e+00 -1.014080291494576347e+00 -7.750333496509146380e-01 -1.197179917865169030e-01 2.395198369562145491e+00 1.077957310527886792e+00 -8.348026646951683949e-01 -1.332246695369949940e-01
1.962017066444484148e-01 5.552020223271264543e-01 1.328270078935952503e-01 -9.303828226864042927e-02 4.216469948674715640e-02 1.990530641950162549e-02 -5.624325285110336470e-01 -6.273958994807055101e-02 -4.850957747199963754e-01 -1.497619102006386010e-02 -4.802715154031552136e-01 5.393157063681560670e-01 -4.504813543489153971e-01 -3.007887522331111896e-01 2.908893680346140154e-01 4.523839904900318065e-01 2.007529380085580628e-02 -6.934967481089434616e-01 2.609372697012426467e-01 9.366010246459544053e-02 3.385363715100273008e-02 -5.825861760126502809e-01 -2.076906334923383501e-01 3.475579152773654035e-01 -2.308781597826207663e-02
-8.508201810884021832e-01 -1.939830984764055133e+00 -4.056722797682990045e-01 5.794568516647123912e-01 8.011521194161554116e-02 -1.444209154450298294e-01 2.529231725012562215e+00 4.085320743006435468e-02 2.044754579312665577e+00 3.650459869879824071e-01 1.961315799001782878e+00 -4.504813543488978000e-01 2.413048907195255666e+00 1.360856085653213698e+00 -1.494062122925464031e+00 -1.577580491363822945e+00 1.206748377231316727e-01 2.848903105116207701e+00 -1.030311480124683987e+00 -8.070134850967504159e-01 -1.939007816320574562e-01 2.444065977454644045e+00 1.192572683232947739e+00 -8.934517619892266005e-01 -6.674713765699014090e-02
-5.539475228638073290e-01 -1.333412149253930146e+00 -2.511608590784897843e-01 2.972966983846943023e-01 1.392306758591791427e-01 -1.405096004379533525e-01 1.857674517854428053e+00 5.728788860165642816e-02 1.411901550040756570e+00 2.845316800371136545e-01 1.345201380357271104e+00 -3.007887522330855434e-01 1.360856085653143310e+00 1.439584943668825057e+00 -9.753580405330657399e-01 -1.058680968235468089e+00 1.165270466017519352e-01 2.049775644523012641e+00 -7.486052967986092099e-01 -6.249334345495786147e-01 -1.542138816960863801e-01 1.734456130354357750e+00 7.562168139878908679e-01 -6.601925787613948104e-01 -8.347627659192985439e-02
7.349551634995639127e-01 1.454374960833038744e+00 1.504123583715089307e-01 -3.223820882732289506e-01 -2.736801587111727455e-02 9.429614527135253554e-02 -1.886903006124526883e+00 6.906448133460599270e-02 -1.475741979217877642e+00 -2.433165922155519356e-01 -1.398602281957676885e+00 2.908893680345953636e-01 -1.494062122925430725e+00 -9.753580405330901648e-01 1.491409248655320541e+00 1.184102918989492048e+00 -2.036085781605769807e-01 -1.995396349788834955e+00 7.857669652216313638e-01 7.479073628364983906e-01 1.972993434909186272e-01 -1.954010623946821346e+00 -8.875196925806054793e-01 7.299233729925865832e-01 5.769570003266161207e-02
7.627259300097962713e-01 1.580848639547830281e+00 3.245029761547232328e-01 -4.467548463998010644e-01 -3.086793083169030172e-02 1.364469370629058653e-01 -2.255435166788630763e+00 3.193274947719301760e-02 -1.741469655278746975e+00 -3.289000975890077894e-01 -1.582495895653080797e+00 4.523839904900204822e-01 -1.577580491363833604e+00 -1.058680968235524711e+00 1.184102918989523801e+00 1.821297168952864975e+00 -1.612440332399123211e-01 -2.403727889338436174e+00 8.440597597165243604e-01 7.549052777972793393e-01 1.561847409253841468e-01 -2.131095575548656917e+00 -9.132400824967132902e-01 7.789553695962425639e-01 1.720095148063635893e-01
-6.989024411749963916e-02 -1.155299680240220589e-01 -5.112994574582960250e-02 2.548510961984280440e-02 1.892703521041626648e-03 -4.114195921641719544e-02 3.494771232361896240e-01 -1.330921653159731211e-01 2.341838179778038820e-01 7.492764300513153272e-03 1.058398003634224566e-01 2.007529380085224316e-02 1.206748377231461056e-01 1.165270466017579026e-01 -2.036085781605862233e-01 -1.612440332399230625e-01 7.455734165046543627e-01 2.193656484827911923e-01 -2.621450785820573712e-02 -1.117056236335147446e-01 -3.061649860186205219e-02 3.439552022077242421e-01 1.175847707076874138e-01 -1.398599116554969379e-01 1.054270922339724074e-02
-1.312619108844677918e+00 -2.904768185696552596e+00 -4.956390126503262272e-01 7.442198416484696599e-01 1.279068584664978525e-01 -1.723192723443781882e-01 3.865547461462562229e+00 1.879798242965156213e-02 3.114256465492187598e+00 5.257211703761632826e-01 2.759825460714563583e+00 -6.934967481088977204e-01 2.848903105116118439e+00 2.049775644523071261e+00 -1.995396349788831403e+00 -2.403727889338356682e+00 2.193656484827693487e-01 4.575601444644362914e+00 -1.462063786982304325e+00 -1.198707180674642325e+00 -2.598621329245578426e-01 3.761358265466720585e+00 1.561159053719082701e+00 -1.348305845048671792e+00 -2.134628782744621700e-01
5.050098324381137038e-01 1.135960083283837907e+00 2.391828443571407115e-01 -2.222871053895742743e-01 -7.060033055957995463e-02 -7.435437909977750739e-03 -1.472874663905103354e+00 -2.422385508246793426e-02 -1.104041118252366616e+00 -2.205574471939197034e-01 -1.014080291494593000e+00 2.609372697012317666e-01 -1.030311480124683543e+00 -7.486052967986555062e-01 7.857669652216526801e-01 8.440597597165182542e-01 -2.621450785819638696e-02 -1.462063786982360281e+00 1.102779252414517908e+00 5.024710415008275533e-01 2.736652752686953224e-02 -1.388331113003994810e+00 -5.801638921024291351e-01 3.604566730250415296e-01 1.479109143519979908e-01
3.940771098770318726e-01 8.399576062037105162e-01 2.199039469089492937e-01 -1.567970512810182016e-01 -7.068097827165326086e-02 1.125812287270387541e-01 -1.106733507014519668e+00 4.134194039434512663e-02 -9.203715702865370440e-01 -1.111420438126179133e-01 -7.750333496509022035e-01 9.366010246458289501e-02 -8.070134850967244367e-01 -6.249334345495948240e-01 7.479073628364961701e-01 7.549052777972566908e-01 -1.117056236335091657e-01 -1.198707180674638550e+00 5.024710415008110109e-01 7.494297369584803636e-01 1.043627852522566873e-01 -1.099431052550001509e+00 -4.416638020197151682e-01 3.971537835334198463e-01 -3.360950753175433615e-03
7.114523473586321922e-02 1.914349980161994813e-01 7.693406370370840797e-02 -1.406367063372628845e-01 1.288647243983299245e-02 1.281368015220837597e-01 -1.079872399237893632e-01 4.347227184446018911e-02 -2.305505930072460630e-01 -8.338672681072654969e-03 -1.197179917865214549e-01 3.385363715100438153e-02 -1.939007816320626743e-01 -1.542138816960856029e-01 1.972993434909200983e-01 1.561847409253881991e-01 -3.061649860186291261e-02 -2.598621329245614509e-01 2.736652752687206147e-02 1.043627852522560351e-01 5.060417903717755461e-01 -2.072140906956412842e-01 -1.181458760289701981e-01 1.060749788618096379e-01 6.532739318165637146e-03
-1.133968385220214481e+00 -2.461363431522086032e+00 -4.056906183926216602e-01 6.480664476326972734e-01 1.051097304012407890e-01 -1.610420331152504769e-01 3.422227850662847626e+00 -2.092855400375305541e-02 2.767274517516092214e+00 5.161946229710751011e-01 2.395198369562138829e+00 -5.825861760126180844e-01 2.444065977454596084e+00 1.734456130354418590e+00 -1.954010623946835112e+00 -2.131095575548609844e+00 3.439552022077054239e-01 3.761358265466759221e+00 -1.388331113003966166e+00 -1.099431052550016386e+00 -2.072140906956377870e-01 3.617079140614430255e+00 1.392393373877811813e+00 -1.084769036854208002e+00 -2.020461299868431537e-01
-5.712910623837230695e-01 -1.063266159707078273e+00 -1.318303632095736977e-01 3.635277807630349911e-01 3.831430958350861421e-02 -7.873358147266289186e-02 1.432155989442519539e+00 -7.663280001607276556e-03 1.117787125273933091e+00 1.770362834771093963e-01 1.077957310527900558e+00 -2.076906334923261377e-01 1.192572683232942410e+00 7.562168139879367201e-01 -8.875196925806266846e-01 -9.132400824967039643e-01 1.175847707076764087e-01 1.561159053719137324e+00 -5.801638921024283579e-01 -4.416638020197335424e-01 -1.181458760289675614e-01 1.392393373877839124e+00 1.162086574508359949e+00 -4.616614858695904933e-01 5.285635596386254950e-03
4.193634063851449656e-01 9.197837790874746622e-01 1.335056367457886362e-01 -3.634682129111436732e-01 1.247130182929948906e-02 4.447644951946271019e-02 -1.107635070202982908e+00 9.772443549878917154e-03 -9.377617886339155717e-01 -1.844371209474046369e-01 -8.348026646951434149e-01 3.475579152773487501e-01 -8.934517619891856333e-01 -6.601925787614044694e-01 7.299233729925764802e-01 7.789553695962093682e-01 -1.398599116554907762e-01 -1.348305845048647367e+00 3.604566730250153284e-01 3.971537835334144062e-01 1.060749788618102762e-01 -1.084769036854176472e+00 -4.616614858695619050e-01 9.234946177356850860e-01 7.865828334169649994e-02
5.889349495521076922e-02 9.962172909148774014e-02 1.069843739542111760e-01 3.931303952449229089e-02 -3.236158640573909284e-03 7.641183945352275630e-02 -2.419966963213799616e-01 -5.768769927537133885e-02 -8.151162855411298036e-02 -3.400962433966670667e-02 -1.332246695369988521e-01 -2.308781597826056048e-02 -6.674713765699720469e-02 -8.347627659193057603e-02 5.769570003266562969e-02 1.720095148063688906e-01 1.054270922339754779e-02 -2.134628782744690534e-01 1.479109143520022096e-01 -3.360950753173668967e-03 6.532739318165696994e-03 -2.020461299868496763e-01 5.285635596382728257e-03 7.865828334169816527e-02 4.525982400875359080e-01
