  20.000000  15.224242  11.589826  8.824285  6.720290  5.120106  3.903771  2.980097  2.279837  1.750493  1.352381  1.055656  0.838073  0.683318  0.579791  0.519730  0.498633  0.514918  0.569805  0.667410  0.815050  1.023793  1.309288  1.692940  2.203509  2.879272  3.770891  4.945208  6.490262  8.521883  11.192379  14.701953  19.313715  25.373402  33.335302  43.796308  57.540669  75.598783  99.324444  130.496336  171.451377  225.259915  295.955911  388.839355  510.873605  671.207417  881.860818  1158.626235  1522.252427  2000.000000
  20.000000  17.299519  14.754619  12.446980  10.410929  8.651562  7.156943  5.906210  4.874845  4.038024  3.372697  2.858830  2.480145  2.224564  2.084528  2.057300  2.145342  2.356836  2.706416  3.216176  3.917013  4.850400  6.070664  7.647881  9.671534  12.255055  15.541467  19.710304  24.986063  31.648428  40.044563  50.603709  63.854366  80.444181  101.162583  126.965913  159.004366  198.649426  247.519441  307.499452  380.749167  469.689678  576.954786  705.286033  857.340895  1035.369982  1240.699886  1472.931511  1728.726213  2000.000000
  20.000000  18.000048  16.052613  14.202488  12.483971  10.920867  9.527890  8.312660  7.277839  6.423167  5.747306  5.249467  4.930851  4.795961  4.853846  5.119343  5.614398  6.369523  7.425475  8.835209  10.666194  13.003158  15.951323  19.640230  24.228188  29.907440  36.910070  45.514677  56.053807  68.922047  84.584643  103.586355  126.560110  154.234837  187.441559  227.116508  274.299624  330.126282  395.809598  472.610043  561.788625  664.539511  781.898049  914.620929  1063.037387  1226.874657  1405.068796  1595.585468  1795.297356  2000.000000
  20.000000  18.421549  16.874698  15.389477  13.993243  12.710157  11.561213  10.564704  9.737028  9.093714  8.650609  8.425160  8.437789  8.713328  9.282548  10.183782  11.464691  13.184189  15.414574  18.243892  21.778568  26.146324  31.499408  38.018112  45.914583  55.436856  66.873038  80.555506  96.864942  116.233939  139.149850  166.156446  197.853845  234.896047  277.985320  327.862547  385.292580  451.043618  525.859678  610.425432  705.323036  810.981237  927.617993  1055.179192  1193.277871  1341.140518  1497.569535  1660.933219  1829.195942  2000.000000
  20.000000  18.791985  17.611740  16.486751  15.444023  14.510058  13.711030  13.073171  12.623368  12.389951  12.403648  12.698707  13.314148  14.295163  15.694642  17.574827  20.009110  23.083958  26.900979  31.579121  37.256989  44.095255  52.279130  62.020836  73.561996  87.175848  103.169133  121.883492  143.696158  169.019703  198.300531  232.015813  270.668490  314.779991  364.880292  421.495002  485.129222  556.248070  635.253967  722.461018  818.067238  922.125751  1034.516632  1154.921571  1282.804073  1417.398243  1557.709361  1702.529086  1850.467203  2000.000000
  20.000000  19.200253  18.431113  17.723401  17.108399  16.618173  16.285990  16.146848  16.238136  16.600419  17.278355  18.321742  19.786681  21.736858  24.244929  27.394005  31.279213  36.009326  41.708438  48.517648  56.596717  66.125662  77.306199  90.362985  105.544547  123.123801  143.398028  166.688166  193.337255  223.707876  258.178401  297.137897  340.979514  390.092262  444.851077  505.605204  572.664968  646.287178  726.659509  813.884401  907.963191  1008.781369  1116.096011  1229.526559  1348.550151  1472.502644  1600.586246  1731.884276  1865.383027  2000.000000
  20.000000  19.692878  19.422688  19.226835  19.143693  19.213134  19.477116  19.980333  20.770941  21.901368  23.429201  25.418155  27.939119  31.071260  34.903190  39.534157  45.075256  51.650628  59.398608  68.472798  79.043002  91.295976  105.435937  121.684749  140.281715  161.482884  185.559787  212.797503  243.491980  277.946495  316.467212  359.357769  406.912872  459.410918  517.105698  580.217317  648.922515  723.344646  803.543680  889.506626  981.138876  1078.257016  1180.583660  1287.744863  1399.270621  1514.598829  1633.082937  1754.003281  1876.581859  2000.000000
  20.000000  20.294503  20.634109  21.064535  21.632730  22.387525  23.380300  24.665692  26.302340  28.353670  30.888721  33.983003  37.719381  42.188973  47.492046  53.738890  61.050646  69.560057  79.412115  90.764561  103.788194  118.666942  135.597658  154.789561  176.463291  200.849509  228.186994  258.720188  292.696149  330.360886  371.955064  417.709098  467.837660  522.533677  581.961929  646.252373  715.493383  789.725129  868.933338  953.043729  1041.917417  1135.347598  1233.057789  1334.701900  1439.866322  1548.074154  1658.791589  1771.436371  1885.388089  2000.000000
  20.000000  21.014727  22.083449  23.260825  24.602855  26.167552  28.015632  30.211217  32.822544  35.922683  39.590260  43.910182  48.974332  54.882251  61.741770  69.669574  78.791681  89.243811  101.171608  114.730687  130.086477  147.413817  166.896275  188.725151  213.098136  240.217590  270.288421  303.515544  340.100918  380.240170  424.118810  471.908102  523.760626  579.805625  640.144232  704.844694  773.937749  847.412307  925.211601  1007.230006  1093.310690  1183.244264  1276.768591  1373.569864  1473.285019  1575.505533  1679.782544  1785.633221  1892.548217  2000.000000
  20.000000  21.852095  23.766966  25.808049  28.040093  30.529824  33.346588  36.563007  40.255613  44.505466  49.398760  55.027385  61.489453  68.889764  77.340201  86.960032  97.876109  110.222921  124.142511  139.784201  157.304122  176.864517  198.632794  222.780318  249.480917  278.909087  311.237911  346.636667  385.268161  427.285787  472.830365  522.026788  574.980547  631.774200  692.463873  757.075885  825.603604  898.004649  974.198538  1054.064918  1137.442454  1224.128493  1313.879572  1406.412816  1501.408255  1598.512058  1697.340632  1797.485514  1898.518948  2000.000000
  20.000000  22.797374  25.665615  28.676196  31.901797  35.416906  39.298394  43.626081  48.483277  53.957292  60.139898  67.127754  75.022760  83.932342  93.969647  105.253640  117.909083  132.066373  147.861240  165.434271  184.930256  206.497337  230.285955  256.447571  285.133179  316.491593  350.667522  387.799439  428.017279  471.439967  518.172839  568.304981  621.906541  679.026085  739.688044  803.890341  871.602260  942.762641  1017.278473  1095.023955  1175.840085  1259.534838  1345.883961  1434.632413  1525.496454  1618.166357  1712.309719  1807.575295  1903.597289  2000.000000
  20.000000  23.836407  27.750709  31.821328  36.127734  40.750953  45.774059  51.282637  57.365218  64.113667  71.623527  79.994301  89.329663  99.737597  111.330430  124.224781  138.541374  154.404744  171.942795  191.286210  212.567712  235.921161  261.480477  289.378408  319.745124  352.706654  388.383182  426.887206  468.321592  512.777543  560.332520  611.048157  664.968197  722.116516  782.495271  846.083231  912.834339  982.676566  1055.511091  1131.211867  1209.625606  1290.572204  1373.845636  1459.215319  1546.427952  1635.209794  1725.269361  1816.300496  1907.985750  2000.000000
  20.000000  24.952456  29.988582  35.192477  40.649104  46.444692  52.667133  59.406339  66.754568  74.806706  83.660488  93.416665  104.179101  116.054781  129.153740  143.588890  159.475744  176.932021  196.077141  217.031583  239.916123  264.850940  291.954587  321.342840  353.127427  387.414644  424.303877  463.886039  506.241958  551.440720  599.538012  650.574492  704.574212  761.543146  821.467846  884.314271  950.026830  1018.527665  1089.716211  1163.469074  1239.640219  1318.061523  1398.543667  1480.877392  1564.835095  1650.172760  1736.632179  1823.943455  1911.827714  2000.000000
  20.000000  26.128003  32.344135  38.736860  45.395302  52.409562  59.871000  67.872503  76.508705  85.876162  96.073482  107.201389  119.362719  132.662347  147.207024  163.105132  180.466350  199.401207  220.020551  242.434902  266.753710  293.084498  321.531920  352.196719  385.174595  420.555008  458.419912  498.842454  541.885634  587.600977  636.027210  687.188993  741.095720  797.740419  857.098783  919.128354  983.767893  1050.936959  1120.535709  1192.444959  1266.526495  1342.623661  1420.562221  1500.151485  1581.185704  1663.445707  1746.700767  1830.710657  1915.227876  2000.000000
  20.000000  27.346005  34.783322  42.403502  50.298565  58.561221  67.285058  76.564718  86.496023  97.176064  108.703245  121.177264  134.699038  149.370556  165.294667  182.574787  201.314523  221.617221  243.585426  267.320260  292.920719  320.482886  350.099076  381.856911  415.838333  452.118579  490.765106  531.836512  575.381441  621.437510  670.030263  721.172181  774.861778  831.082774  889.803405  950.975861  1014.535886  1080.402549  1148.478211  1218.648687  1290.783625  1364.737090  1440.348371  1517.442995  1595.833942  1675.323050  1755.702587  1836.756980  1918.264658  2000.000000
  20.000000  28.590705  37.274723  46.145519  55.296849  64.822895  74.818370  85.378608  96.599613  108.578071  121.411324  135.197286  150.034312  166.021004  183.255959  201.837450  221.863040  243.429126  266.630424  291.559377  318.305506  346.954701  377.588456  410.283056  445.108728  482.128766  521.398630  562.965052  606.865142  653.125526  701.761522  752.776370  806.160546  861.891151  919.931423  980.230354  1042.722459  1107.327677  1173.951438  1242.484895  1312.805323  1384.776690  1458.250402  1533.066207  1609.053265  1686.031359  1763.812241  1842.201095  1920.998086  2000.000000
  20.000000  29.848074  39.790411  49.921347  60.335351  71.127086  82.391438  94.223534  106.718723  119.972529  134.080564  149.138396  165.241375  182.484410  200.961685  220.766337  241.990064  264.722689  289.051666  315.061537  342.833335  372.443954  403.965470  437.464439  473.001162  510.628947  550.393355  592.331462  636.471132  682.830327  731.416454  782.225774  835.242880  890.440252  947.777915  1007.203196  1068.650596  1132.041798  1197.285786  1264.279121  1332.906343  1403.040514  1474.543900  1547.268790  1621.058430  1695.748083  1771.166186  1847.135605  1923.474958  2000.000000
  20.000000  31.106000  42.306304  53.695222  65.367063  77.416125  89.936668  103.022868  116.768744  131.268056  146.614181  162.899935  180.217375  198.657547  218.310199  239.263448  261.603402  285.413744  310.775269  337.765385  366.457581  396.920857  429.219137  463.410653  499.547324  537.674128  577.828476  620.039601  664.327970  710.704733  759.171205  809.718417  862.326718  916.965460  973.592765  1032.155378  1092.588624  1154.816475  1218.751715  1284.296229  1351.341401  1419.768627  1489.449938  1560.248737  1632.020626  1704.614338  1777.872741  1851.633927  1925.732347  2000.000000
  20.000000  32.354294  44.802171  57.437160  70.352678  83.641961  97.397987  111.713379  126.680288  142.390253  158.934035  176.401422  194.880999  214.459889  235.223461  257.254999  280.635342  305.442486  331.751160  359.632371  389.152922  420.374915  453.355230  488.144998  524.789069  563.325482  603.784946  646.190334  690.556211  736.888386  785.183517  835.428760  887.601474  941.669007  997.588533  1055.306992  1114.761100  1175.877450  1238.572716  1302.753937  1368.318910  1435.156666  1503.148044  1572.166353  1642.078110  1712.743864  1784.019079  1855.755077  1927.800033  2000.000000
  20.000000  33.584594  47.261422  61.122617  75.260107  89.765500  104.729967  120.244104  136.397778  153.279961  170.978532  189.580063  209.169581  229.830297  251.643313  274.687305  299.038175  324.768683  351.948053  380.641558  410.910096  442.809742  476.391299  511.699843  548.774263  587.646824  628.342726  670.879695  715.267594  761.508075  809.594263  859.510495  911.232105  964.725274  1019.946943  1076.844795  1135.357309  1195.413895  1256.935104  1319.832919  1384.011124  1449.365754  1515.785623  1583.152915  1651.343856  1720.229439  1789.676206  1859.547081  1929.702237  2000.000000
  20.000000  34.790197  49.670777  64.731983  80.063778  95.755699  111.896698  128.574978  145.877813  163.891354  182.700419  202.388259  223.036313  244.723940  267.528124  291.523173  316.780386  343.367711  371.349382  400.785546  431.731880  464.239198  498.353056  534.113359  571.553976  610.702359  651.579188  694.198025  738.565009  784.678571  832.529197  882.099226  933.362705  986.285287  1040.824196  1096.928247  1154.537930  1213.585561  1273.995498  1335.684433  1398.561736  1462.529880  1527.484922  1593.317046  1659.911163  1727.147560  1794.902600  1863.049456  1931.458881  2000.000000
  20.000000  35.965870  52.019878  68.249995  84.743854  101.588572  118.870573  136.675397  155.087500  174.190042  194.064663  214.791247  236.447669  259.109523  282.849846  307.738820  333.843461  361.227299  389.950049  420.067268  451.630014  484.684498  519.271741  555.427232  593.180598  632.555285  673.568258  716.229725  760.542881  806.503692  854.100704  903.314906  954.119621  1006.480456  1060.355298  1115.694363  1172.440300  1230.528356  1289.886592  1350.436164  1412.091655  1474.761467  1538.348266  1602.749476  1667.857824  1733.561924  1799.746900  1866.295048  1933.086513  2000.000000
  20.000000  37.107649  54.300896  71.665148  89.285430  107.246188  125.631091  144.522822  164.002864  184.151280  205.046477  226.764968  249.381114  272.966864  297.591482  323.321262  350.219238  378.344886  407.753818  438.497477  470.622826  504.172043  539.182217  575.685054  613.706596  653.266946  694.380023  737.053333  781.287763  827.077411  874.409446  923.264002  973.614116  1025.425709  1078.657604  1133.261601  1189.182591  1246.358731  1304.721654  1364.196743  1424.703446  1486.155639  1548.462039  1611.526657  1675.249289  1739.526049  1804.249933  1869.311404  1934.599007  2000.000000
  20.000000  38.212654  56.508149  74.969118  93.677782  112.715736  132.163735  152.101477  172.607383  193.758358  215.629564  238.294171  261.823108  286.284807  311.744934  338.266129  365.907722  394.725461  424.771232  456.092777  488.733420  522.731791  558.121564  594.931197  633.183689  672.896355  714.080613  756.741800  800.879007  846.484945  893.545842  942.041371  991.944617  1043.222077  1095.833709  1149.733012  1204.867157  1261.177154  1318.598069  1377.059283  1436.484785  1496.793520  1557.899763  1619.713541  1682.141079  1745.085286  1808.446263  1872.121833  1936.008098  2000.000000
  20.000000  39.278906  58.637748  78.156244  97.913674  117.988664  138.458958  159.401198  180.890689  203.001169  225.804571  249.370781  273.767390  299.059448  325.309205  352.575858  380.915294  410.379829  441.017952  472.874072  505.988265  540.396032  576.128066  613.210025  651.662324  691.499945  732.732253  775.362852  819.389448  864.803749  911.591388  959.731879  1009.198605  1059.958842  1111.973814  1165.198789  1219.583214  1275.070884  1331.600149  1389.104165  1447.511170  1506.744810  1566.724485  1627.365740  1688.580670  1750.278368  1812.365385  1874.746214  1937.323789  2000.000000
  20.000000  40.305177  60.687292  81.223059  101.988741  123.059926  144.511298  166.416406  188.847435  211.874971  235.567766  259.992495  285.213521  311.292649  338.288885  366.258192  395.253247  425.323200  456.513439  488.865356  522.416119  557.198459  593.240455  630.565346  669.191345  709.131472  750.393413  792.979389  836.886055  882.104420  928.619796  976.411770  1025.454214  1075.715322  1127.157673  1179.738340  1233.409018  1288.116200  1343.801374  1400.401258  1457.848071  1516.069828  1574.990671  1634.531220  1694.608956  1755.138624  1816.032661  1877.201628  1938.554675  2000.000000
  20.000000  41.290847  62.655588  84.167889  105.900961  127.927327  150.318596  173.145232  196.476319  220.379334  244.919910  270.161605  296.165666  322.990796  350.692921  379.324961  408.936601  439.574065  471.279898  504.092755  538.047191  573.173470  609.497375  647.040041  685.817795  725.842013  767.119000  809.649883  853.430533  898.451501  944.697990  992.149841  1040.781557  1090.562344  1141.456194  1193.421986  1246.413624  1300.380202  1355.266196  1411.011695  1467.552644  1524.821134  1582.745698  1641.251646  1700.261417  1759.694946  1819.470057  1879.502865  1939.708193  2000.000000
  20.000000  42.235788  64.542418  86.990500  109.650190  132.590956  155.881348  179.588772  203.779261  228.517242  253.865312  279.884008  306.631581  334.163770  362.533583  391.791076  421.983138  453.153283  485.341445  518.583783  552.912496  588.355643  624.936978  662.675802  701.586819  741.680020  782.960577  825.428757  869.079860  913.904174  959.886956  1007.008436  1055.243846  1104.563476  1154.932753  1206.312352  1258.658325  1311.922269  1366.051507  1420.989306  1476.675115  1533.044824  1590.031053  1647.563455  1705.569047  1763.972544  1822.696728  1881.662812  1940.790824  2000.000000
  20.000000  43.140267  66.348342  89.691804  113.237780  137.052714  161.202139  185.750458  210.760711  236.294355  262.411039  289.168385  316.621770  344.824107  373.825637  403.673718  434.412625  466.083356  498.723439  532.366753  567.043360  602.779339  639.596646  677.512969  716.541617  756.691408  797.966583  840.366740  883.886780  928.516876  974.242468  1021.044275  1068.898331  1117.776048  1167.644295  1218.465510  1270.197832  1322.795257  1376.207816  1430.381781  1485.259889  1540.781586  1596.883299  1653.498717  1710.559093  1767.993567  1825.729493  1883.692780  1941.808253  2000.000000
  20.000000  44.004856  68.074529  92.273612  116.666250  141.315917  166.285190  191.635533  217.427074  243.718383  270.566262  298.025529  326.148804  354.986309  384.585662  414.991681  446.246194  478.387854  511.451968  545.470324  580.471038  616.478409  653.512781  691.590430  730.723448  770.919660  812.182547  854.511187  897.900219  942.339822  987.815713  1034.309173  1081.797087  1130.252004  1179.642229  1229.931924  1281.081241  1333.046475  1385.780229  1439.231616  1493.346463  1548.067551  1603.334859  1659.085832  1715.255664  1771.777593  1828.583205  1885.602757  1942.765497  2000.000000
  20.000000  44.830365  69.722618  94.738426  119.939018  145.384966  171.135964  197.250620  223.786232  250.798581  278.341725  306.467785  335.226751  364.666279  394.831503  425.764845  457.505837  490.090952  523.553432  557.923145  593.226430  629.485971  666.720673  704.945555  744.171653  784.405947  825.651291  867.906370  911.165670  955.419464  1000.653822  1046.850638  1093.987671  1142.038618  1190.973193  1240.757235  1291.352838  1342.718490  1394.809242  1447.576886  1500.970166  1554.934985  1609.414647  1664.350104  1719.680216  1775.342032  1831.271069  1887.401612  1943.667013  2000.000000
  20.000000  45.617786  71.294603  97.089270  123.060177  149.265074  175.760857  202.603363  229.847158  257.545332  285.749302  314.508609  343.870727  373.880873  404.581826  436.013748  468.214018  501.217066  535.054226  569.753586  605.339860  641.834262  679.254401  717.614178  756.923705  797.189238  838.413119  880.593738  923.725514  967.798885  1012.800327  1058.712376  1105.513686  1153.179087  1201.679675  1250.982914  1301.052760  1351.849798  1403.331398  1455.451893  1508.162769  1561.412864  1615.148598  1669.314200  1723.851953  1778.702457  1833.804887  1889.097275  1944.516784  2000.000000
  20.000000  46.368239  72.792738  99.329551  126.034315  152.962046  180.166934  207.702141  235.619597  263.969805  292.801648  322.162197  352.096526  382.647533  413.855765  445.759253  478.393350  511.790578  545.980490  580.989530  616.840915  653.554520  691.146778  729.630593  769.015263  809.306423  850.505993  892.612151  935.619314  979.518141  1024.295546  1069.934734  1116.415248  1163.713038  1211.800545  1260.646802  1310.217549  1360.475368  1411.379836  1462.887685  1514.952986  1567.527341  1620.560091  1673.998534  1727.788156  1781.872870  1836.195267  1890.696866  1945.318386  2000.000000
  20.000000  47.082941  74.219462  101.462943  128.866362  156.482095  184.361723  212.555828  241.113809  270.083684  299.511909  329.443194  359.920326  390.983998  422.672645  455.022283  488.066359  521.835608  556.357921  591.658217  627.758331  664.676910  702.429322  741.027571  780.480238  820.792420  861.965693  903.998086  946.884067  990.614554  1035.176925  1080.555059  1126.729386  1173.676951  1221.371499  1269.783569  1318.880611  1368.627112  1418.984739  1469.912496  1521.366895  1573.302137  1625.670308  1678.421586  1731.504454  1784.865928  1838.451789  1892.206818  1946.075046  2000.000000
  20.000000  47.763169  75.577335  103.493298  131.561475  159.831701  188.353043  217.173609  246.340364  275.898948  305.893494  336.366461  367.358456  398.908078  431.051759  463.823612  497.255290  531.375850  566.211631  601.786132  638.119910  675.230483  713.132244  751.836390  791.350860  831.680287  872.825964  914.785823  957.554424  1001.122969  1045.479317  1090.608022  1136.490386  1183.104519  1230.425426  1278.425094  1327.072607  1376.334264  1426.173716  1476.552117  1527.428282  1578.758862  1630.498526  1682.600155  1735.015047  1787.693123  1840.583151  1893.632964  1946.789694  2000.000000
  20.000000  48.410239  76.868988  105.424571  134.124939  163.017487  192.148869  221.564820  251.309975  281.427695  311.959898  342.946892  374.427213  406.437470  439.012195  472.183705  505.981961  540.434445  575.566040  611.398924  647.952466  685.243144  723.284458  762.086871  801.657750  842.001324  883.118653  925.007612  967.662886  1011.075979  1055.235237  1100.125884  1145.730074  1192.026951  1238.992732  1286.600794  1334.821777  1383.623707  1432.972116  1482.830194  1533.158931  1583.917288  1635.062366  1686.549589  1738.332896  1790.364938  1842.597283  1894.980625  1947.464999  2000.000000
  20.000000  49.025481  78.097087  107.260761  136.562092  166.046133  195.757228  225.738838  256.033368  286.682005  317.724552  349.199267  381.142716  413.589617  446.572706  480.122597  514.267657  549.033885  584.444803  620.521351  657.281796  694.741649  732.913593  771.807421  811.429987  851.785166  892.873827  934.693822  977.239979  1020.504120  1064.475076  1109.138732  1154.478070  1200.473235  1247.101607  1294.337891  1342.154216  1390.520245  1439.403298  1488.768490  1538.578868  1588.795572  1639.377995  1690.283955  1741.469876  1792.890973  1844.501444  1896.254667  1948.103403  2000.000000
  20.000000  49.610228  79.264293  109.005863  138.878260  168.924298  199.186108  229.704978  260.521183  291.673835  323.200718  355.138143  387.520798  420.381609  453.751608  487.659800  522.133047  557.195953  592.870758  629.177247  666.132658  703.751607  742.046022  781.025084  820.695182  861.059880  902.119893  943.873071  986.314407  1029.436041  1073.227290  1117.674681  1162.762003  1208.470360  1254.778252  1301.661652  1349.094106  1397.046835  1445.488854  1494.387099  1543.706565  1593.410448  1643.460303  1693.816203  1744.436911  1795.280055  1846.302304  1897.459563  1948.707150  2000.000000
  20.000000  50.165799  80.373248  110.663834  141.078717  171.658565  202.443397  233.472424  264.783892  296.414930  328.401403  360.777764  393.576920  426.830097  460.566708  494.814240  529.598130  564.941669  600.865895  637.389506  674.528779  712.297500  750.706896  789.765586  829.479542  869.852049  910.883695  952.572353  994.913184  1037.898656  1081.518559  1125.760049  1170.607688  1216.043509  1262.047079  1308.595585  1355.663918  1403.224783  1451.248800  1499.704634  1548.559116  1597.777389  1647.323045  1697.158287  1747.244080  1797.540324  1848.006017  1898.599435  1949.278308  2000.000000
  20.000000  50.693494  81.426548  112.238566  143.168641  174.255394  205.536829  237.050174  268.831739  300.916766  333.339290  366.132002  399.326114  432.951236  467.035252  501.604207  536.682197  572.291271  608.451335  645.180071  682.492856  720.402698  758.920176  798.053394  837.807938  878.186853  919.190617  960.817140  1003.061765  1045.917279  1089.373940  1133.419509  1178.039297  1223.216225  1268.930882  1315.161609  1361.884583  1409.073913  1456.701745  1504.738377  1553.152383  1601.910740  1650.978970  1700.321279  1749.900714  1799.679314  1849.618271  1899.678097  1949.818789  2000.000000
  20.000000  51.194582  82.426731  113.733861  145.153093  176.721096  208.473949  240.446995  272.674697  305.190500  338.026700  371.214309  404.782932  438.760647  473.173885  508.047329  543.403807  579.264195  615.647334  652.569949  690.046574  728.089491  766.708679  805.911760  845.703973  886.088143  927.064662  968.631489  1010.784148  1053.515744  1096.816988  1140.676227  1185.079495  1230.010557  1275.450981  1321.380209  1367.775638  1414.612713  1461.865024  1509.504420  1557.501120  1605.823839  1654.439919  1703.315462  1752.415475  1801.704016  1851.144347  1900.699086  1950.330367  2000.000000
  20.000000  51.670301  83.376267  115.153418  147.036991  179.061798  211.262085  243.671394  276.322433  309.246938  342.475549  376.037685  409.961424  444.273387  478.998634  514.160555  549.780778  585.879073  622.473278  659.579216  697.210630  735.379124  774.094113  813.362779  853.190038  893.578518  934.528543  976.038125  1018.102974  1060.716507  1103.869871  1147.551982  1191.749559  1236.447183  1281.627353  1327.270557  1373.355354  1419.858456  1466.754824  1514.017774  1561.619085  1609.529114  1657.716924  1706.150407  1754.796421  1803.620933  1852.589153  1901.665689  1950.814690  2000.000000
  20.000000  52.121849  84.277550  116.500819  148.825101  181.283436  213.908323  246.731597  279.784289  313.096513  346.697335  380.614658  414.875112  449.503938  484.524893  519.960145  555.830184  592.153740  628.947700  666.227040  704.004758  742.291824  781.097126  820.427436  860.287374  900.679391  941.603752  983.058532  1025.039623  1067.540747  1110.553475  1154.067264  1198.069497  1242.545527  1287.478742  1332.850629  1378.640847  1424.827312  1471.386285  1518.292474  1565.519132  1613.038171  1660.820281  1708.835044  1757.051072  1805.436129  1853.957268  1902.580973  1951.273296  2000.000000
  20.000000  52.550383  85.132892  117.779525  150.522022  183.391734  216.419503  249.635532  283.069265  316.749269  350.703116  384.957271  419.536986  454.466196  489.767420  525.461671  561.568363  598.105240  635.088294  672.531701  710.447760  748.846842  787.737347  827.125661  867.016132  907.411050  948.310632  989.713020  1031.614288  1074.008450  1116.887487  1160.241378  1204.058134  1248.323851  1293.022761  1338.137300  1383.648174  1429.534442  1475.773597  1522.341663  1569.213292  1616.361868  1663.759617  1711.377724  1759.186453  1807.155269  1855.252966  1903.447801  1951.707620  2000.000000
  20.000000  52.957018  85.944520  118.992869  152.132181  185.392205  218.802201  252.390826  286.186011  320.214855  354.503510  389.077076  423.959499  459.173471  494.740343  530.680028  567.010927  603.749848  640.911939  678.510620  716.557535  755.062491  794.033427  833.476372  873.395422  913.792720  954.668444  996.020805  1037.846052  1080.138488  1122.890485  1166.092519  1209.733206  1253.799346  1298.275977  1343.146435  1388.392422  1433.994079  1479.930070  1526.177666  1572.712843  1619.510377  1666.543951  1713.786263  1761.209140  1808.783655  1856.480249  1904.268850  1952.119005  2000.000000
  20.000000  53.342825  86.714574  120.144052  153.659833  187.290141  221.062734  255.004797  289.142826  323.502524  358.108694  392.985140  428.154569  463.638498  499.457164  535.629444  572.172775  609.103084  646.434719  684.180389  722.351115  760.956179  800.003085  839.497529  879.443372  919.842622  960.695425  1002.000064  1043.752961  1085.948691  1128.580005  1171.637855  1215.111433  1258.988209  1303.253988  1347.892962  1392.887778  1438.219605  1483.868214  1529.812061  1576.028374  1622.493248  1669.181745  1716.067993  1763.125300  1810.326260  1857.642866  1905.046633  1952.508709  2000.000000
  20.000000  53.708833  87.445105  121.236145  155.109057  189.090616  223.207154  257.484456  291.947656  326.621130  361.528402  396.692046  432.133591  467.873439  503.930776  540.323493  577.068118  614.179740  651.671953  689.556795  727.844700  766.544451  805.663149  845.206174  885.177170  925.578022  966.408849  1007.668004  1049.352078  1091.455911  1133.972614  1176.893593  1220.208589  1263.905713  1307.971495  1352.390943  1397.147600  1442.223609  1487.599794  1533.255732  1579.169836  1625.319453  1671.680946  1718.229802  1764.940725  1811.787749  1858.744339  1905.783505  1952.877913  2000.000000
  20.000000  54.056026  88.138081  122.272087  156.483756  190.798485  225.241250  259.836510  294.608100  329.579140  364.771938  400.207901  435.907442  471.889905  508.173477  544.775119  581.710493  618.993901  656.638221  694.654856  733.053686  771.843027  811.029596  850.618481  890.613120  931.015285  971.825075  1013.040913  1054.659551  1096.676084  1139.083966  1181.875040  1225.039568  1268.566268  1312.442363  1356.653635  1401.184475  1446.017954  1491.135891  1536.518925  1582.146596  1627.997431  1674.049031  1720.278163  1766.660858  1813.172510  1859.787975  1906.481681  1953.227728  2000.000000
  20.000000  54.385345  88.795378  123.254688  157.787662  192.418389  227.170558  262.067364  297.131415  332.384636  367.848182  403.542349  439.486497  475.698961  512.196986  548.996648  586.112793  623.558973  661.347391  699.488849  737.992706  776.866836  816.117593  855.749792  895.766679  936.169922  976.959602  1018.134210  1059.690657  1101.624280  1143.928863  1186.596662  1229.618435  1272.983480  1316.679678  1360.693543  1405.010274  1449.613820  1494.486945  1539.611293  1584.967473  1630.535131  1676.293036  1722.219172  1768.290823  1814.484670  1860.776889  1907.143245  1953.559197  2000.000000
  20.000000  54.697688  89.418792  124.186632  159.024339  193.954758  229.000357  264.183134  299.524528  335.045330  370.765601  406.704587  442.880642  479.311152  516.012464  552.999818  590.287284  627.887706  665.812648  704.072345  742.675661  781.630053  820.941536  860.614665  900.652508  941.056635  981.827112  1022.962501  1064.459861  1106.314762  1148.521303  1191.072134  1233.958485  1277.170204  1320.695797  1364.522473  1408.636200  1453.021757  1497.662804  1542.541940  1587.640784  1632.940042  1678.419594  1724.058571  1769.835445  1815.728118  1861.714011  1907.770159  1953.873305  2000.000000
  20.000000  54.993913  90.010034  125.070479  160.197186  195.411819  230.735686  266.189649  301.794037  337.568568  373.532263  409.703371  446.099295  482.736516  519.630534  556.795793  594.245632  631.992223  670.046525  708.418235  747.115751  786.146136  825.515085  865.226908  905.284505  945.689357  986.441519  1027.539617  1068.980856  1110.761028  1152.874531  1195.314390  1238.072286  1281.138588  1324.502395  1368.151578  1412.072831  1456.251723  1500.672762  1545.319454  1590.174373  1635.219231  1680.434958  1725.801774  1771.299276  1816.906519  1862.602106  1908.364272  1954.170978  2000.000000
  20.000000  55.274838  90.570736  125.908669  161.309441  196.793597  232.381343  268.092462  303.946232  339.961350  376.155851  412.547040  449.151415  485.984604  523.061298  560.395192  597.998929  635.884045  674.060927  712.538763  751.325511  790.427859  829.851202  869.599618  909.675852  950.081299  990.816004  1031.878659  1073.266607  1114.975852  1157.001078  1199.335666  1241.971723  1284.900117  1328.110508  1371.591395  1415.330161  1459.313124  1503.525597  1547.951944  1592.575645  1637.379366  1682.345030  1727.453890  1772.686607  1818.023331  1863.443780  1908.927329  1954.453090  2000.000000
  20.000000  55.541240  91.102452  126.703526  162.364190  198.103926  233.941897  269.896860  305.987097  342.230335  378.643675  415.243525  452.045528  489.064498  526.314364  563.808108  601.557715  639.574119  677.867163  716.445556  755.316837  794.487343  833.962183  873.745218  913.839044  954.244979  994.963060  1035.992041  1077.329396  1118.971334  1160.912809  1203.147541  1245.668044  1288.465656  1331.530573  1374.851887  1418.417636  1462.214850  1506.229602  1550.447070  1594.851595  1639.426745  1684.155384  1729.019743  1774.001493  1819.081818  1864.241496  1909.460978  1954.720466  2000.000000
  20.000000  55.793861  91.606661  127.457261  163.364368  199.346457  235.421696  271.607875  307.922326  344.381858  381.002688  417.800371  454.789736  491.984832  529.398861  567.044132  604.932003  643.072840  681.475972  720.149652  759.101023  798.336091  837.859694  877.675488  917.785931  958.192266  998.894525  1039.891520  1081.180855  1122.758929  1164.620955  1206.760975  1249.171890  1291.845485  1334.772460  1377.942476  1421.344190  1464.965304  1508.792616  1552.812073  1597.008833  1641.367317  1685.871284  1730.503890  1775.247761  1820.085062  1864.997576  1909.966772  1954.973887  2000.000000
  20.000000  56.033406  92.084771  128.171979  164.312769  200.524659  236.824877  273.230290  309.757333  346.421945  383.239500  420.224745  457.391743  494.753810  532.323465  570.112373  608.131303  646.390081  684.897548  723.661526  762.688786  801.985015  841.554800  881.401602  921.527747  961.934411  1002.621618  1043.588242  1084.832004  1126.349488  1168.136152  1210.186345  1252.493335  1295.049329  1337.845512  1380.872077  1424.118271  1467.572434  1511.222050  1555.053799  1599.053606  1643.206708  1687.497707  1731.910637  1776.429028  1821.035978  1865.714217  1910.446182  1955.214087  2000.000000
  20.000000  56.260545  92.538119  128.849680  165.212047  201.641832  238.155370  274.768654  311.497267  348.356320  385.360391  422.523463  459.858867  497.379228  535.096413  573.021482  611.164644  649.535212  688.141567  726.991121  766.090292  805.444469  845.057996  884.934155  925.075144  965.482077  1006.154975  1047.092763  1088.293282  1129.753288  1171.468473  1213.433477  1255.641915  1298.086399  1340.758568  1383.649124  1426.747873  1470.043760  1513.524919  1557.178721  1600.991826  1644.950237  1689.039358  1733.244055  1777.548717  1821.937320  1866.393496  1910.900597  1955.441764  2000.000000
  20.000000  56.475916  92.967978  129.492266  166.064727  202.701114  239.416913  276.227288  313.147015  350.190422  387.371330  424.702995  462.198056  499.868484  537.725529  575.779675  614.040599  652.517130  691.217212  730.147871  769.315188  808.724271  848.379237  888.283192  928.438221  968.845375  1009.504672  1050.415091  1091.574581  1132.980066  1174.627458  1216.511676  1258.626663  1300.965412  1343.519997  1386.281603  1429.240563  1472.386397  1515.707856  1559.192967  1602.829083  1646.602936  1690.500689  1734.507997  1778.610061  1822.791693  1867.037376  1911.331330  1955.657575  2000.000000
  20.000000  56.680123  93.375555  130.101543  166.873207  203.705482  240.613053  277.610298  314.711225  351.929419  389.277983  426.769487  464.415913  502.228609  540.218240  578.394747  616.767303  655.344276  694.133197  733.140726  772.372626  811.833737  851.527962  891.458243  931.626553  972.033888  1012.680263  1053.564707  1094.685275  1136.039047  1177.622148  1219.429756  1261.456129  1303.694624  1346.137725  1388.777073  1431.603504  1474.607082  1517.777141  1561.102332  1604.570666  1648.169565  1691.885911  1735.706106  1779.616122  1823.601561  1867.647715  1911.739625  1955.862144  2000.000000
  20.000000  56.873742  93.761999  130.679227  167.639763  204.657767  241.747163  278.921582  316.194306  353.578215  391.085732  428.728773  466.518700  504.466271  542.581596  580.874099  619.352476  658.024661  696.897790  735.978177  775.271285  814.781702  854.513123  894.468339  934.649218  975.056702  1015.690803  1056.550600  1097.634246  1138.938973  1180.461103  1222.196067  1264.138417  1306.281856  1348.619255  1391.142692  1433.843477  1476.712190  1519.738720  1562.912307  1606.221585  1649.654631  1693.199010  1736.841831  1780.569796  1824.369256  1868.226270  1912.126657  1956.056060  2000.000000
  20.000000  57.057318  94.128399  131.226948  168.366559  205.560657  242.822443  280.164842  317.600447  355.141468  392.799685  430.586394  468.512367  506.587803  544.822287  583.224753  621.803445  660.565883  699.518833  738.668279  778.019399  817.576542  857.343210  897.322047  937.514822  977.922428  1018.544874  1059.381287  1100.429912  1141.688126  1183.152439  1224.818519  1266.681201  1308.734512  1350.971696  1393.385240  1435.966904  1478.707759  1521.598220  1564.628085  1607.786580  1651.062400  1694.443759  1737.918436  1781.473824  1825.096986  1868.774706  1912.493540  1956.239880  2000.000000
  20.000000  57.231371  94.475790  131.746252  169.055647  206.416701  243.841932  281.343593  318.933623  356.623600  394.424690  432.347605  470.402556  508.599212  546.946661  585.453371  624.127159  662.975152  702.003765  741.218671  780.624776  820.226203  860.026272  900.027487  940.231526  980.639232  1021.250614  1062.064841  1103.080252  1144.294355  1185.703844  1227.304608  1269.091752  1311.059611  1353.201781  1395.511137  1437.979868  1480.599510  1523.360973  1566.254588  1609.270140  1652.396912  1695.623731  1738.939011  1782.330803  1825.786841  1869.294597  1912.841328  1956.414132  2000.000000
  20.000000  57.396392  94.805154  132.238609  169.708976  207.228322  244.808513  282.461169  320.197607  358.028805  395.965349  434.017395  472.194623  510.506200  548.960741  587.566275  626.330212  665.259308  704.359645  743.636599  783.094822  822.738221  862.569943  902.592361  942.807065  983.214853  1023.815733  1064.608916  1105.592825  1146.765099  1188.122602  1229.661436  1271.376959  1313.263800  1355.315887  1397.526466  1439.888131  1482.392857  1525.032028  1567.796476  1610.676517  1653.661992  1696.742309  1739.906484  1783.143190  1826.440799  1869.787434  1913.171017  1956.579317  2000.000000
  20.000000  57.552848  95.117425  132.705412  170.328396  207.997816  245.724924  283.520735  321.395980  359.361065  397.426028  435.600497  473.893648  512.314174  550.870241  589.569461  628.418857  667.424837  706.593163  745.928934  785.436558  825.119739  864.981460  905.023969  945.248773  985.656629  1026.247542  1067.020764  1107.974800  1149.107409  1190.415619  1231.895733  1273.543350  1315.353378  1357.320059  1399.436991  1441.697152  1484.092933  1526.616167  1569.258162  1612.009738  1654.861263  1697.802697  1740.823626  1783.913313  1827.060734  1870.254632  1913.483554  1956.735907  2000.000000
  20.000000  57.701182  95.413485  133.147983  170.915660  208.727364  246.593761  284.525294  322.532137  360.624156  398.810868  437.101400  475.504453  514.028265  552.680581  591.468616  630.399028  669.477891  708.710669  748.102194  787.656645  827.377534  867.267686  907.329234  947.563605  987.971516  1028.552971  1069.307262  1110.232968  1151.327967  1192.589438  1234.013877  1275.597111  1317.334313  1359.220023  1401.248171  1443.412102  1485.704599  1528.117922  1570.643829  1613.273618  1655.998158  1698.807930  1741.693063  1784.643377  1827.648422  1870.697526  1913.779834  1956.884352  2000.000000
  20.000000  57.841816  95.694175  133.567577  171.472436  209.419035  247.417488  285.477695  323.609302  361.821663  400.123799  438.524365  477.031608  515.653340  554.396902  593.269135  632.276350  671.424305  710.718181  750.162558  789.761397  829.518027  869.435128  909.514719  949.758152  990.166109  1030.738591  1071.474926  1112.373769  1153.433105  1194.650260  1236.021913  1277.544105  1319.212262  1361.021206  1402.965182  1445.037881  1487.232462  1529.541585  1571.957438  1614.471771  1657.075928  1699.760884  1742.517282  1785.335471  1828.205545  1871.117386  1914.060703  1957.025076  2000.000000
  20.000000  57.975148  95.960291  133.965384  172.000301  210.074791  248.198442  286.380641  324.630532  362.956983  401.368549  439.873431  478.479451  517.194014  556.024080  594.976133  634.056158  673.269613  712.621408  752.115886  791.756803  831.547312  871.489955  911.586645  951.838665  992.246659  1032.810628  1073.529936  1114.403305  1155.428827  1196.603965  1237.925569  1279.389889  1320.992585  1362.728749  1404.592926  1446.579132  1488.680885  1530.891224  1573.202743  1615.607622  1658.097654  1700.664284  1743.298640  1785.991574  1828.733695  1871.515411  1914.326966  1957.158482  2000.000000
  20.000000  58.101555  96.212587  134.342534  172.500754  210.696493  248.938841  287.236695  325.598726  364.033342  402.548651  441.152431  479.852096  518.654666  557.566739  596.594464  635.743513  675.019061  714.425763  753.967736  793.648539  833.471163  873.438016  913.550913  953.811068  994.219092  1034.774987  1075.478147  1116.327363  1157.320822  1198.456123  1239.730277  1281.139728  1322.680362  1364.347527  1406.136049  1448.040258  1490.054005  1532.170693  1574.383302  1616.684416  1659.066255  1701.520710  1744.039370  1786.613561  1829.234382  1871.892738  1914.579383  1957.284951  2000.000000
  20.000000  58.221398  96.451781  134.700096  172.975217  211.285908  249.640786  288.048289  326.516635  365.053796  403.667460  442.364999  481.153442  520.039446  559.029266  598.128729  637.343214  676.677626  716.136379  755.723375  795.441989  835.295056  875.284857  915.413115  955.680979  996.089028  1036.637264  1077.325112  1118.151425  1159.114486  1200.212015  1241.441182  1282.798613  1324.280408  1365.882158  1407.598956  1449.425427  1491.355742  1533.383647  1575.502485  1617.705227  1659.984498  1702.332609  1744.741587  1787.203209  1829.709036  1872.250447  1914.818676  1957.404844  2000.000000
  20.000000  58.335017  96.678552  135.039087  173.425037  211.844709  250.306273  288.817728  327.386867  366.021246  404.728154  443.514581  482.387190  521.352293  560.415817  599.583290  638.859809  678.250026  717.758123  757.387801  797.142258  837.024183  877.035738  917.178554  957.453723  997.861793  1038.402764  1079.076093  1119.880691  1160.814930  1201.876648  1243.063163  1284.371275  1325.797288  1367.337019  1408.985820  1450.738592  1492.589810  1534.533545  1576.563487  1618.672970  1660.855004  1703.102299  1745.407296  1787.762201  1830.159013  1872.589559  1915.045528  1957.518503  2000.000000
  20.000000  58.442734  96.893544  135.360471  173.851492  212.374484  250.937193  289.547200  328.211896  366.938443  405.733750  444.604447  483.556849  522.596938  561.730338  600.962285  640.297614  679.740734  719.295610  758.965749  798.754185  838.663466  878.695641  918.852258  959.134350  999.542436  1040.076518  1080.736079  1121.520088  1162.427000  1203.454767  1244.600844  1285.862199  1327.235326  1368.716261  1410.300597  1451.983499  1493.759731  1535.623670  1577.569335  1619.590407  1661.680258  1703.831977  1746.038399  1788.292134  1830.585597  1872.911041  1915.260586  1957.626254  2000.000000
  20.000000  58.544856  97.097368  135.665161  174.255795  212.876740  251.535339  290.238779  328.994067  367.807993  406.687108  445.637695  484.665743  523.776924  562.976567  602.269638  641.660720  681.153992  720.753214  760.461712  800.282359  840.217572  880.269295  920.438992  960.727645  1001.135745  1041.663294  1082.309801  1123.074288  1163.955292  1204.950870  1246.058608  1287.275634  1328.598623  1370.023817  1411.547036  1453.163700  1494.868841  1536.657131  1578.522899  1620.460154  1662.462613  1704.523724  1746.636695  1788.794519  1830.990006  1873.215812  1915.464466  1957.728404  2000.000000
  20.000000  58.641673  97.290605  135.954023  174.639096  213.352906  252.102412  290.894432  329.735605  368.632370  407.590938  446.617265  485.717029  524.895607  564.158050  603.509069  642.953005  682.493823  722.135086  761.879947  801.731131  841.690927  881.761179  921.943276  962.238147  1002.646259  1043.167611  1083.801741  1124.547720  1165.404160  1206.369219  1247.440611  1288.615610  1329.891065  1371.263413  1412.728692  1454.282558  1495.920304  1537.636876  1579.426899  1621.284693  1663.204302  1705.179515  1747.203892  1789.270790  1831.373394  1873.504740  1915.657747  1957.825243  2000.000000
  20.000000  58.733461  97.473802  136.227878  175.002485  213.804334  252.640026  291.516023  330.438619  369.413920  408.447812  447.545944  486.713697  525.956169  565.278150  604.684104  644.178148  683.764040  723.445159  763.224492  803.104624  843.087725  883.175543  923.369393  963.670158  1004.078279  1044.593756  1085.216150  1125.944581  1166.777732  1207.713859  1248.750791  1289.885946  1331.116337  1372.438584  1413.848933  1455.343265  1496.917117  1538.565698  1580.283912  1622.066376  1663.907441  1705.801219  1747.741606  1789.722305  1831.736854  1873.778650  1915.840981  1957.917049  2000.000000
  20.000000  58.820480  97.647483  136.487507  175.346995  214.232310  253.149710  292.105321  331.105110  370.154866  409.260169  448.426374  487.658583  526.961629  566.340054  605.798088  645.339636  684.968259  724.687162  764.499175  804.406750  844.411944  884.516413  924.721405  965.027756  1005.435885  1045.945791  1086.557058  1127.268851  1168.079923  1208.988619  1249.992882  1291.090263  1332.277930  1373.552680  1414.910953  1456.348844  1497.862122  1539.446245  1581.096383  1622.807430  1664.574033  1706.390610  1748.251373  1790.150352  1832.081422  1874.038323  1916.014692  1958.004084  2000.000000
  20.000000  58.902978  97.812140  136.733647  175.673606  214.638051  253.632914  292.664002  331.736974  370.857316  410.030320  449.261060  488.554377  527.914850  567.346784  606.854192  646.440775  686.109909  725.864631  765.707626  805.641217  845.667355  885.787609  926.003163  966.314809  1006.722944  1047.227568  1087.828285  1128.524304  1169.314443  1210.197133  1251.170423  1292.231992  1333.379155  1374.608876  1415.917778  1457.302161  1498.758013  1540.281029  1581.866627  1623.509970  1665.205981  1706.949368  1748.734645  1790.556152  1832.408081  1874.284500  1916.179374  1958.086594  2000.000000
  20.000000  58.981190  97.968243  136.966999  175.983248  215.022712  254.091013  293.193657  332.336009  371.523269  410.760456  450.052380  489.403628  528.818543  568.301207  607.855423  647.484700  687.192238  726.980918  766.853284  806.811539  846.857531  886.992750  927.218316  967.534981  1007.943121  1048.442736  1089.033451  1129.714516  1170.484809  1211.342843  1252.286770  1293.314387  1334.423151  1375.610182  1416.872279  1458.205934  1499.607344  1541.072427  1582.596840  1624.175996  1665.805084  1707.479086  1749.192799  1790.940861  1832.717763  1874.517882  1916.335497  1958.164816  2000.000000
  20.000000  59.055338  98.116235  137.188226  176.276803  215.387387  254.525311  293.695793  332.903920  372.154622  411.452656  450.802584  490.208753  529.675282  569.206039  608.804630  648.474382  688.218330  728.039202  767.939413  807.921049  847.985864  888.135269  928.370327  968.691749  1009.099893  1049.594759  1090.175990  1130.842877  1171.594355  1212.429014  1253.345103  1294.340533  1335.412892  1376.559451  1417.777175  1459.062738  1500.412535  1541.822696  1583.289103  1624.807409  1666.373051  1707.981273  1749.627143  1791.305575  1833.011350  1874.739134  1916.483506  1958.238973  2000.000000
  20.000000  59.125634  98.256538  137.397960  176.555106  215.733115  254.937044  294.171839  333.442323  372.753171  412.108891  451.513808  490.972045  530.487505  570.063856  609.704517  649.412641  689.191105  729.042497  768.969104  808.972907  849.055566  889.218419  929.462474  969.788407  1010.196554  1050.686917  1091.259158  1131.912602  1172.646242  1213.458741  1254.348437  1295.313352  1336.351198  1377.459388  1418.635045  1459.875015  1501.175881  1542.533973  1583.945390  1625.406007  1666.911501  1708.457361  1750.038913  1791.651335  1833.289679  1874.948888  1916.623822  1958.309276  2000.000000
  20.000000  59.192277  98.389551  137.596796  176.818948  216.060880  255.327384  294.623151  333.952752  373.320620  412.731028  452.188078  491.695677  531.257525  570.877101  610.557645  650.302146  690.113333  729.993659  769.945291  809.970108  850.069683  890.245285  930.497870  970.828078  1011.236228  1051.722321  1092.286038  1132.926738  1173.643467  1214.434956  1255.299632  1296.235617  1337.240743  1378.312557  1419.448333  1460.645079  1501.899556  1543.208287  1584.567570  1625.973497  1667.421967  1708.908707  1750.429284  1791.979126  1833.553543  1875.147741  1916.756847  1958.375925  2000.000000
  20.000000  59.255458  98.515653  137.785301  177.069081  216.371614  255.697442  295.051013  334.436659  373.858584  413.320840  452.827313  492.381708  531.987535  571.648089  611.366443  651.145432  690.987642  730.895396  770.870754  810.915491  851.031103  891.218792  931.479463  971.813723  1012.221876  1052.703921  1093.259556  1133.888174  1174.588870  1215.360442  1256.201396  1297.109955  1338.084061  1379.121390  1420.219356  1461.375125  1502.585624  1543.847557  1585.157416  1626.511494  1667.905906  1709.336597  1750.799367  1792.289882  1833.803694  1875.336259  1916.882958  1958.439110  2000.000000
  20.000000  59.315356  98.635202  137.964011  177.306218  216.666203  256.048272  295.456643  334.895423  374.368596  413.880004  453.433332  493.032093  532.679612  572.379016  612.133216  651.944900  691.816519  731.750278  771.748126  811.811750  851.942566  892.141712  932.410049  972.748151  1013.156305  1053.634513  1094.182486  1134.799650  1175.485146  1216.237834  1257.056300  1297.938856  1338.883555  1379.888190  1420.950312  1462.067232  1503.236039  1544.453607  1585.716609  1627.021533  1668.364695  1709.742251  1751.150218  1792.584489  1834.040845  1875.514981  1917.002515  1958.499012  2000.000000
  20.000000  59.372142  98.748540  138.133436  177.531033  216.945484  256.380873  295.841196  335.330349  374.852107  414.410114  454.007863  493.648683  533.335729  573.071962  612.860145  652.702825  692.602326  732.560738  772.579908  812.661437  852.806666  893.016675  933.292278  973.634022  1014.042178  1054.516747  1095.057456  1135.663760  1176.334846  1217.069632  1257.866778  1298.724684  1339.641502  1380.615143  1421.643282  1462.723373  1503.852654  1545.028161  1586.246742  1627.505067  1668.799641  1710.126823  1751.482836  1792.863785  1834.265672  1875.684414  1917.115859  1958.555801  2000.000000
  20.000000  59.425977  98.855989  138.294057  177.744166  217.210254  256.696191  296.205768  335.742676  375.310495  414.912679  454.552540  494.233234  533.957752  573.728902  613.549302  653.421367  693.347301  733.329084  773.368469  813.466971  853.625864  893.846171  934.128664  974.473860  1014.882017  1055.353136  1095.886958  1136.482967  1177.140391  1217.858206  1258.635139  1299.469675  1340.360062  1381.304318  1422.300242  1463.345416  1504.437225  1545.572858  1586.749326  1627.963473  1669.211985  1710.491411  1751.798169  1793.128567  1834.478815  1875.845043  1917.223313  1958.609638  2000.000000
  20.000000  59.477014  98.957855  138.446332  177.946225  217.461266  256.995126  296.551396  336.133577  375.745064  415.389130  455.068915  494.787411  534.547454  574.351706  614.202649  654.102572  694.053564  734.057504  774.116053  814.230648  854.402494  894.632563  934.921587  975.270056  1015.678214  1056.146063  1096.673356  1137.259604  1177.904076  1218.605801  1259.363571  1300.175952  1341.041281  1381.957680  1422.923061  1463.935134  1504.991418  1546.089249  1587.225793  1628.398057  1669.602901  1710.837051  1752.097114  1793.379589  1834.680882  1875.997324  1917.325183  1958.660678  2000.000000
  20.000000  59.525400  99.054427  138.590695  178.137785  217.699236  257.278527  296.879064  336.504167  376.157052  415.840823  455.558457  495.312792  535.106514  574.942147  614.822046  654.748379  694.723129  734.748074  774.824791  814.954641  855.138768  895.378092  935.673307  976.024879  1016.433038  1056.897786  1097.418889  1137.995884  1178.628077  1219.314547  1260.054151  1300.845527  1341.687100  1382.577090  1423.513516  1464.494207  1505.516812  1546.578805  1587.677499  1628.810057  1669.973502  1711.164731  1752.380525  1793.617566  1834.872448  1876.141692  1917.421759  1958.709066  2000.000000
  20.000000  59.571271  99.145982  138.727556  178.319390  217.924840  257.547202  297.189707  336.855500  376.547632  416.269045  456.022562  495.810872  535.636523  575.501908  615.409257  655.360629  695.357900  735.402760  775.496700  815.641013  855.836782  896.084880  936.385965  976.740478  1017.148638  1057.610446  1098.125680  1138.693903  1179.314455  1219.986463  1260.708845  1301.480308  1342.299360  1383.164312  1424.073287  1465.024228  1506.014904  1547.042921  1588.105732  1629.200647  1670.324844  1711.475382  1752.649208  1793.843177  1835.054060  1876.278557  1917.513316  1958.754938  2000.000000
  20.000000  59.614759  99.232779  138.857306  178.491559  218.138721  257.801916  297.484207  337.188577  376.917917  416.675016  456.462551  496.283071  536.138992  576.032581  615.965955  655.941064  695.959687  736.023426  776.133695  816.291718  856.498525  896.754941  937.061591  977.418892  1017.827052  1058.286073  1098.795744  1139.355649  1179.965165  1220.623464  1261.329517  1302.082102  1342.879803  1383.721018  1424.603970  1465.526705  1506.487111  1547.482918  1588.511711  1629.570940  1670.657929  1711.769889  1752.903928  1794.057063  1835.226233  1876.408310  1917.600115  1958.798428  2000.000000
  20.000000  59.655988  99.315066  138.980313  178.654782  218.341488  258.043395  297.763405  337.504346  377.268960  417.059892  456.879677  496.730733  536.615350  576.535680  616.493726  656.491338  696.530203  736.611840  776.737589  816.908611  857.125881  897.390183  937.702108  978.062052  1018.470213  1058.926591  1099.430988  1139.983009  1180.582062  1221.227363  1261.917937  1302.652624  1343.430083  1384.248796  1425.107075  1466.003072  1506.934781  1547.900051  1588.896594  1629.921990  1670.973705  1712.049093  1753.145412  1794.259835  1835.389459  1876.531321  1917.682404  1958.839657  2000.000000
  20.000000  59.695073  99.393077  139.096929  178.809523  218.533719  258.272325  298.028095  337.803707  377.601763  417.424768  457.275128  497.155134  537.066956  577.012635  616.994071  657.013017  697.071073  737.169678  777.310102  817.493447  857.720637  897.992415  938.309342  978.671792  1019.079953  1059.533826  1100.033223  1140.577768  1181.166902  1221.799880  1262.475779  1303.193499  1343.951768  1384.749147  1425.584037  1466.454684  1507.359187  1548.295508  1589.261476  1630.254799  1671.273071  1712.313787  1753.374347  1794.452069  1835.544204  1876.647939  1917.760417  1958.878743  2000.000000
  20.000000  59.732128  99.467034  139.207485  178.956224  218.715961  258.489360  298.279030  338.087513  377.917272  417.770684  457.650029  497.557481  537.495095  577.464807  617.468417  657.507589  697.583838  737.698528  777.852866  818.047894  858.284488  898.563353  938.885021  979.249847  1019.658008  1060.109506  1100.604162  1141.141621  1181.721351  1222.342647  1263.004634  1303.706268  1344.446344  1385.223498  1426.036213  1466.882828  1507.761539  1548.670415  1589.607397  1630.570312  1671.556881  1712.564727  1753.591385  1794.634314  1835.690907  1876.758497  1917.834376  1958.915799  2000.000000
  20.000000  59.767258  99.537149  139.312296  179.095301  218.888733  258.695117  298.516927  338.356571  378.216386  418.098625  458.005450  497.938920  537.900987  577.893482  617.918115  657.976461  698.069957  738.199898  778.367426  818.573529  858.819039  899.104623  939.430786  979.797863  1020.206026  1060.655272  1101.145433  1141.676173  1182.246988  1222.857209  1263.506007  1304.192391  1344.915220  1385.673199  1426.464892  1467.288723  1508.142983  1549.025840  1589.935342  1630.869430  1671.825943  1712.802626  1753.797145  1794.807089  1835.829986  1876.863310  1917.904491  1958.950929  2000.000000
  20.000000  59.800561  99.603620  139.411661  179.227152  219.052527  258.890182  298.742461  338.611648  378.499957  418.409526  458.342402  498.300539  538.285787  578.299882  618.344444  658.420968  698.530816  738.675215  778.855247  819.071850  859.325812  899.617766  939.948190  980.317403  1020.725565  1061.172677  1101.658578  1142.182948  1182.745311  1223.345033  1263.981326  1304.653253  1345.359730  1386.099532  1426.871295  1467.673526  1508.504605  1549.362795  1590.246246  1631.153004  1672.081022  1713.028163  1753.992212  1794.970886  1835.961838  1876.962676  1917.970963  1958.984233  2000.000000
  20.000000  59.832135  99.666637  139.505863  179.352151  219.207810  259.075111  298.956276  338.853470  378.768793  418.704271  458.661845  498.643367  538.650591  578.685164  618.748620  658.842378  698.967728  739.125832  779.317719  819.544277  859.806252  900.104245  940.438708  980.809945  1021.218108  1061.663196  1102.145057  1142.663389  1183.217739  1223.807507  1264.431945  1305.090166  1345.781142  1386.503711  1427.256580  1468.038333  1508.847436  1549.682240  1590.540993  1631.421843  1672.322847  1713.241980  1754.177143  1795.126170  1836.086839  1877.056878  1918.033980  1959.015807  2000.000000
  20.000000  59.862068  99.726379  139.595169  179.470655  219.355025  259.250431  299.158980  339.082726  379.023659  418.983700  458.964688  498.968380  538.996439  579.050425  619.131794  659.241889  699.381935  739.553034  779.756159  819.992154  860.261726  900.565444  940.903737  981.276893  1021.685056  1062.128225  1102.606257  1143.118864  1183.665618  1224.245948  1264.859149  1305.504376  1346.180655  1386.886886  1427.621843  1468.384183  1509.172452  1549.985086  1590.820424  1631.676711  1672.552105  1713.444686  1754.352464  1795.273386  1836.205344  1877.146186  1918.093723  1959.045740  2000.000000
  20.000000  59.890445  99.783017  139.679835  179.583001  219.494589  259.416640  299.351151  339.300070  379.265282  419.248608  459.251795  499.276505  539.324315  579.396705  619.495056  659.620640  699.774619  739.958036  780.171817  820.416758  860.693531  901.002677  941.344601  981.719576  1022.127739  1062.569089  1103.043491  1143.550671  1184.090223  1224.661607  1265.264153  1305.897061  1346.559408  1387.250150  1427.968126  1468.712062  1509.480578  1550.272194  1591.085335  1631.918335  1672.769450  1713.636859  1754.518675  1795.412951  1836.317691  1877.230853  1918.150362  1959.074117  2000.000000
  20.000000  59.917347  99.836712  139.760102  179.689509  219.626901  259.574212  299.533337  339.506119  379.494349  419.499751  459.523982  499.568618  539.635154  579.724992  619.839442  659.979710  700.146897  740.341994  780.565875  820.819298  861.102899  901.417190  941.762556  982.139256  1022.547419  1062.987045  1103.458004  1143.960039  1184.492763  1225.055666  1265.648111  1306.269340  1346.918479  1387.594538  1428.296414  1469.022902  1509.772693  1550.544383  1591.336479  1632.147404  1672.975501  1713.819045  1754.676248  1795.545264  1836.424199  1877.311119  1918.204057  1959.101020  2000.000000
  20.000000  59.942852  99.887617  139.836197  179.790482  219.752338  259.723597  299.706055  339.701461  379.711513  419.737844  459.782026  499.845552  539.929840  580.036220  620.165932  660.320121  700.499831  740.705999  780.939456  821.200920  861.490994  901.810163  942.158793  982.537128  1022.945290  1063.383281  1103.850977  1144.348134  1184.874386  1225.429248  1266.012117  1306.622275  1347.258892  1387.921029  1428.607643  1469.317589  1510.049628  1550.802428  1591.574573  1632.364569  1673.170844  1713.991765  1754.825633  1795.670701  1836.525173  1877.387215  1918.254962  1959.126525  2000.000000
  20.000000  59.967032  99.935876  139.908338  179.886209  219.871256  259.865218  299.869798  339.886653  379.917392  419.963565  460.026660  500.108095  540.209213  580.331275  620.475457  660.642843  700.834424  741.051089  781.293625  821.562712  861.858922  902.182716  942.534439  982.914324  1023.322487  1063.758928  1104.223530  1144.716063  1185.236179  1225.783417  1266.357208  1306.956869  1347.581615  1388.230555  1428.902699  1469.596963  1510.312172  1551.047064  1591.800295  1632.570449  1673.356037  1714.155508  1754.967256  1795.789621  1836.620900  1877.459357  1918.303222  1959.150705  2000.000000
  20.000000  59.989955  99.981628  139.976731  179.976961  219.983995  259.999481  300.025032  340.062221  380.112573  420.177556  460.258583  500.356996  540.474069  580.610998  620.768897  660.948796  701.151631  741.378247  781.629389  821.905703  862.207731  902.535909  942.890565  983.271920  1023.680083  1064.115054  1104.576724  1145.064872  1185.579171  1226.119183  1266.684366  1307.274077  1347.887568  1388.523996  1429.182423  1469.861820  1510.561074  1551.278987  1592.014287  1632.765630  1673.531606  1714.310744  1755.101519  1795.902360  1836.711653  1877.527750  1918.348974  1959.173628  2000.000000
  20.000000  60.011686  100.025002  140.041569  180.062998  220.090876  260.126767  300.172200  340.228666  380.297611  420.380428  460.478453  500.592963  540.725162  580.876185  621.047090  661.238849  701.452354  741.688404  781.947706  822.230872  862.538415  902.870749  943.228186  983.610933  1024.019096  1064.452675  1104.911564  1145.395556  1185.904339  1226.437500  1266.994524  1307.574801  1348.177622  1388.802189  1429.447611  1470.112914  1510.797041  1551.498858  1592.217159  1632.950669  1673.698052  1714.457912  1755.228805  1796.009241  1836.797690  1877.592589  1918.392348  1959.195359  2000.000000
  20.000000  60.032289  100.066122  140.103039  180.144563  220.192202  260.247438  300.311721  340.386462  380.473034  420.572757  460.686899  500.816668  540.963207  581.127593  621.310826  661.513831  701.737451  741.982445  782.249482  822.539143  862.851915  903.188189  943.548262  983.932330  1024.340493  1064.772751  1105.229005  1145.709057  1186.212611  1226.739276  1267.288565  1307.859898  1348.452604  1389.065925  1429.699019  1470.350960  1511.020747  1551.707305  1592.409489  1633.126093  1673.855848  1714.597433  1755.349477  1796.110568  1836.879256  1877.654058  1918.433469  1959.215962  2000.000000
