3134 1
1.809348936142000071e+02
1.809348936142000071e+02
1.809348936142000071e+02
6.774462057651999639e+05
8.207580870412000222e+05
1.681344988579000055e+05
2.382431819779000080e+02
2.382431819779000080e+02
2.382431819779000080e+02
6.774462630735000130e+05
1.095837871187000070e+06
4.432142830036000232e+05
3.246737940996000020e+02
3.246737940996000020e+02
3.246737940996000020e+02
8.618968743243999779e+05
1.591734681637000060e+06
7.546605686333000194e+05
2.284790414914999985e+02
2.284790414914999985e+02
2.284790414914999985e+02
6.705893588238999946e+05
9.862522140737000154e+05
3.404854607054999797e+05
1.007937389342999950e+02
1.007937389342999950e+02
1.007937389342999950e+02
2.056185941970999993e+05
2.972323125322000124e+05
1.164361635296000022e+05
1.380460267832999932e+02
1.380460267832999932e+02
1.380460267832999932e+02
3.213580301344000036e+05
6.190271514979000203e+05
3.224915665580999921e+05
1.378158172015000105e+02
1.378158172015000105e+02
1.378158172015000105e+02
3.208088145308999810e+05
6.157083490693999920e+05
3.197219797329999856e+05
1.385056367615999875e+02
1.385056367615999875e+02
1.385056367615999875e+02
3.224545308518999955e+05
6.256297196667999960e+05
3.279976340094999759e+05
1.380452175979999936e+02
1.380452175979999936e+02
1.380452175979999936e+02
3.213560996449000086e+05
6.189921148096000543e+05
3.224584603593000211e+05
6.779268115383000293e+01
6.779268115383000293e+01
6.779268115383000293e+01
8.957894002730000648e+04
2.279352168087000027e+05
1.631787488752999925e+05
2.158538439730999983e+02
2.158538439730999983e+02
2.158538439730999983e+02
1.365837088499000063e+06
1.782405806108999997e+06
4.413912282847000170e+05
2.158538439730999983e+02
2.158538439730999983e+02
2.158538439730999983e+02
1.365837088499000063e+06
1.782405806108999997e+06
4.413912282847000170e+05
6.779268115383000293e+01
6.779268115383000293e+01
6.779268115383000293e+01
8.957894002730000648e+04
2.279352168087000027e+05
1.631787488752999925e+05
1.380452175979999936e+02
1.380452175979999936e+02
1.380452175979999936e+02
3.213560996449000086e+05
6.189921148096000543e+05
3.224584603593000211e+05
1.382750247392000063e+02
1.382750247392000063e+02
1.382750247392000063e+02
3.219043551377999829e+05
6.222933472242000280e+05
3.252114372810000204e+05
1.382762363651000044e+02
1.382762363651000044e+02
1.382762363651000044e+02
3.219072457379000261e+05
6.223459539265000494e+05
3.252611533831999986e+05
1.378617300623999995e+02
1.378617300623999995e+02
1.378617300623999995e+02
3.209183497615000233e+05
6.163664937692000531e+05
3.202705892022000044e+05
1.003286287722999930e+02
1.003286287722999930e+02
1.003286287722999930e+02
2.046354050249999855e+05
2.926103113866000203e+05
1.127973515560999949e+05
2.277494750125999872e+02
2.277494750125999872e+02
2.277494750125999872e+02
6.625433633888999466e+05
9.767883840210000053e+05
3.390676256390999770e+05
2.382443038535000142e+02
2.382443038535000142e+02
2.382443038535000142e+02
6.774569435304000508e+05
1.095854026397000067e+06
4.432196680063999956e+05
1.809348936142000071e+02
1.809348936142000071e+02
1.809348936142000071e+02
6.774462057651999639e+05
8.207580870412000222e+05
1.681344988579000055e+05
1.383169536100000130e+02
1.383169536100000130e+02
1.383169536100000130e+02
3.238575558393999818e+05
6.228925367150000529e+05
3.238575558393999818e+05
1.383169536100000130e+02
1.383169536100000130e+02
1.383169536100000130e+02
3.238575558393999818e+05
6.228925367150000529e+05
3.238575558393999818e+05
1.383169536100000130e+02
1.383169536100000130e+02
1.383169536100000130e+02
3.238575558393999818e+05
6.228925367150000529e+05
3.238575558393999818e+05
1.383169536100000130e+02
1.383169536100000130e+02
1.383169536100000130e+02
3.238575558393999818e+05
6.228925367150000529e+05
3.238575558393999818e+05
1.383169536100000130e+02
1.383169536100000130e+02
1.383169536100000130e+02
3.238575558393999818e+05
6.228925367150000529e+05
3.238575558393999818e+05
1.383169536100000130e+02
1.383169536100000130e+02
1.383169536100000130e+02
3.238575558393999818e+05
6.228925367150000529e+05
3.238575558393999818e+05
1.383169536100000130e+02
1.383169536100000130e+02
1.383169536100000130e+02
3.238575558393999818e+05
6.228925367150000529e+05
3.238575558393999818e+05
1.383169536100000130e+02
1.383169536100000130e+02
1.383169536100000130e+02
3.238575558393999818e+05
6.228925367150000529e+05
3.238575558393999818e+05
1.379925304182999923e+02
1.379925304182999923e+02
1.379925304182999923e+02
3.192091814172000159e+05
6.182441622928000288e+05
3.238575555150000146e+05
1.379925304182999923e+02
1.379925304182999923e+02
1.379925304182999923e+02
3.192091814172000159e+05
6.182441622928000288e+05
3.238575555150000146e+05
2.729533892407999929e+02
2.729533892407999929e+02
2.729533892407999929e+02
7.115495638925000094e+05
1.322034701906000031e+06
6.353077827280999627e+05
2.419152110724000124e+02
2.419152110724000124e+02
2.419152110724000124e+02
4.763946930839000270e+05
1.073094379429999972e+06
6.215223278885999462e+05
1.747209453362000033e+02
1.747209453362000033e+02
1.747209453362000033e+02
3.921864008822999895e+05
6.887289752319999970e+05
3.213650195442999830e+05
2.594017387069999927e+02
2.594017387069999927e+02
2.594017387069999927e+02
5.845393571751000127e+05
1.148180414425000083e+06
5.884676135376000311e+05
2.507560606108999934e+02
2.507560606108999934e+02
2.507560606108999934e+02
6.521361266104000388e+05
1.113686758882999886e+06
4.863730774673999986e+05
2.723649335823999991e+02
2.723649335823999991e+02
2.723649335823999991e+02
4.760124106059999904e+05
1.537584270402000053e+06
1.092600018686000025e+06
6.421736848035000094e+02
6.421736848035000094e+02
6.421736848035000094e+02
3.395071655373000074e+06
5.453604361463000067e+06
2.095766578677000012e+06
2.737056569962999788e+02
2.737056569962999788e+02
2.737056569962999788e+02
4.890937220313000144e+05
1.553696769491000101e+06
1.095631206350000110e+06
2.454620202067999912e+02
2.454620202067999912e+02
2.454620202067999912e+02
4.913300744109000079e+05
1.070728197762999916e+06
6.042205685465000570e+05
3.373924605757999871e+02
3.373924605757999871e+02
3.373924605757999871e+02
8.134902053925000364e+05
1.521094133355000056e+06
7.324263731574000558e+05
2.587225687678999861e+02
2.587225687678999861e+02
2.587225687678999861e+02
4.699704969685000251e+05
1.037531684743999969e+06
5.923836329697000328e+05
2.379054321085999959e+02
2.379054321085999959e+02
2.379054321085999959e+02
4.670714555909999763e+05
1.026913468802000047e+06
5.846646527581999544e+05
2.729525781878999737e+02
2.729525781878999737e+02
2.729525781878999737e+02
7.107663413257000502e+05
1.321247521399999969e+06
6.353038896740999771e+05
3.245505861291999850e+02
3.245505861291999850e+02
3.245505861291999850e+02
8.590534425677000545e+05
1.588896724634000100e+06
7.546659535117000341e+05
2.730279846815000155e+02
2.730279846815000155e+02
2.730279846815000155e+02
7.111846211457999889e+05
1.322503717933000065e+06
6.361417366357999854e+05
2.729525781878999737e+02
2.729525781878999737e+02
2.729525781878999737e+02
7.107663413257000502e+05
1.321247521399999969e+06
6.353038896740999771e+05
2.700359191275999819e+02
2.700359191275999819e+02
2.700359191275999819e+02
6.641994016420999542e+05
1.274712662194000091e+06
6.353359004002000438e+05
2.700359191275999819e+02
2.700359191275999819e+02
2.700359191275999819e+02
6.641994016420999542e+05
1.274712662194000091e+06
6.353359004002000438e+05
2.729525781878999737e+02
2.729525781878999737e+02
2.729525781878999737e+02
7.107663413257000502e+05
1.321247521399999969e+06
6.353038896740999771e+05
2.729533892407999929e+02
2.729533892407999929e+02
2.729533892407999929e+02
7.107740626949999714e+05
1.321259200707999989e+06
6.353077827280999627e+05
2.723639154764999830e+02
2.723639154764999830e+02
2.723639154764999830e+02
5.202698889614000218e+05
1.249779690388000105e+06
7.543324597402999643e+05
5.513428673875999664e+01
5.513428673875999664e+01
5.513428673875999664e+01
1.392569590911999985e+05
1.486669340841000085e+05
3.423242857974000071e+04
9.385758047611000165e+01
9.385758047611000165e+01
9.385758047611000165e+01
2.365214039654000080e+05
2.586669402406000008e+05
4.696798146973000257e+04
8.512507237257000270e+01
8.512507237257000270e+01
8.512507237257000270e+01
2.270160597522000025e+05
2.855901111547999899e+05
8.339650498947000597e+04
1.699055548894000083e+02
1.699055548894000083e+02
1.699055548894000083e+02
3.977877414992999984e+05
7.412725242499000160e+05
3.984044947192000109e+05
1.655370528079999985e+02
1.655370528079999985e+02
1.655370528079999985e+02
4.073149388751999941e+05
7.413537382150000194e+05
3.979566379355000099e+05
1.208291432512999961e+02
1.208291432512999961e+02
1.208291432512999961e+02
2.198246362947000016e+05
3.984055527653999743e+05
2.018519645697000087e+05
1.938045526220999903e+01
1.938045526220999903e+01
1.938045526220999903e+01
2.408617923529999825e+04
1.673517311046000032e+04
1.126583350016000077e+04
1.345511338292999994e+02
1.345511338292999994e+02
1.345511338292999994e+02
1.788983079774999933e+05
4.053153301254999824e+05
2.512394673424999928e+05
1.462768950050000001e+02
1.462768950050000001e+02
1.462768950050000001e+02
3.153741873501000227e+05
5.212187547894999734e+05
2.306670126340000133e+05
1.532285665159000132e+02
1.532285665159000132e+02
1.532285665159000132e+02
4.022554015135000227e+05
6.708895748387000058e+05
2.825968649138999754e+05
2.654214968380999906e+01
2.654214968380999906e+01
2.654214968380999906e+01
1.178354772014999980e+04
2.171918885095999940e+04
2.718725633713999923e+04
5.571657764740000118e+01
5.571657764740000118e+01
5.571657764740000118e+01
1.293553745502999955e+05
1.314025991364000074e+05
2.271191021057000034e+04
7.760930243622999569e+01
7.760930243622999569e+01
7.760930243622999569e+01
1.326090504715999996e+05
1.579410345098999969e+05
4.947181199000000197e+04
1.868398061023999901e+02
1.868398061023999901e+02
1.868398061023999901e+02
4.787244895442000125e+05
7.719479509123000316e+05
3.180459872142000240e+05
2.062502602312999898e+02
2.062502602312999898e+02
2.062502602312999898e+02
4.063318453333000070e+05
9.141401810562999453e+05
5.627280546134000178e+05
1.973942800435999914e+02
1.973942800435999914e+02
1.973942800435999914e+02
4.062457652059000102e+05
8.723913192552999826e+05
5.210652729396999930e+05
2.992979494473000273e+02
2.992979494473000273e+02
2.992979494473000273e+02
5.994284682063000510e+05
1.313971856132999994e+06
7.352082237275999505e+05
8.597991643013999408e+01
8.597991643013999408e+01
8.597991643013999408e+01
1.033226020962000039e+05
3.133544228729999741e+05
2.649515478378999978e+05
8.598729087098000434e+01
8.598729087098000434e+01
8.598729087098000434e+01
1.033512739221999946e+05
3.134405033853999921e+05
2.650089467683000257e+05
7.393883506434000275e+00
7.393883506434000275e+00
7.393883506434000275e+00
7.772772970617999817e+03
1.552234885165999913e+03
9.293490161149000414e+03
1.957416441882000129e+02
1.957416441882000129e+02
1.957416441882000129e+02
3.975719577547999797e+05
6.340257967844000086e+05
2.612762842242000042e+05
1.894825705227000014e+02
1.894825705227000014e+02
1.894825705227000014e+02
6.898574326362999855e+05
8.207580955889000325e+05
1.805457257289999980e+05
2.467908588864000023e+02
2.467908588864000023e+02
2.467908588864000023e+02
6.898574899446000345e+05
1.095837879734999966e+06
4.556255098746999865e+05
3.332214710079999804e+02
3.332214710079999804e+02
3.332214710079999804e+02
8.743081011954999994e+05
1.591734690184999956e+06
7.670717955044000410e+05
2.401038820871000041e+02
2.401038820871000041e+02
2.401038820871000041e+02
6.874686273685999913e+05
9.862522256985000568e+05
3.573647292502999771e+05
1.093414158428000036e+02
1.093414158428000036e+02
1.093414158428000036e+02
2.180298210682999925e+05
2.972323210799000226e+05
1.288473904006999946e+05
1.465937036917999876e+02
1.465937036917999876e+02
1.465937036917999876e+02
3.337692570055000251e+05
6.190271600456000306e+05
3.349027934292000136e+05
1.468239132735999988e+02
1.468239132735999988e+02
1.468239132735999988e+02
3.343184726089999895e+05
6.223459624741999432e+05
3.376723802543000202e+05
1.470533136701000103e+02
1.470533136701000103e+02
1.470533136701000103e+02
3.348657577230000170e+05
6.256297282145000063e+05
3.404088608805999975e+05
1.465928945064999880e+02
1.465928945064999880e+02
1.465928945064999880e+02
3.337673265159999719e+05
6.189921233572999481e+05
3.348696872303999844e+05
7.634035806231000265e+01
7.634035806231000265e+01
7.634035806231000265e+01
1.019901668983999989e+05
2.279352253563000122e+05
1.755899757464000140e+05
2.244015208815999927e+02
2.244015208815999927e+02
2.244015208815999927e+02
1.378248315370999975e+06
1.782405814656999893e+06
4.538024551557999803e+05
2.244015208815999927e+02
2.244015208815999927e+02
2.244015208815999927e+02
1.378248315370999975e+06
1.782405814656999893e+06
4.538024551557999803e+05
7.634035806231000265e+01
7.634035806231000265e+01
7.634035806231000265e+01
1.019901668983999989e+05
2.279352253563000122e+05
1.755899757464000140e+05
1.465928945064999880e+02
1.465928945064999880e+02
1.465928945064999880e+02
3.337673265159999719e+05
6.189921233572999481e+05
3.348696872303999844e+05
1.468227016477000006e+02
1.468227016477000006e+02
1.468227016477000006e+02
3.343155820089000044e+05
6.222933557719000382e+05
3.376226641520999838e+05
1.468239132735999988e+02
1.468239132735999988e+02
1.468239132735999988e+02
3.343184726089999895e+05
6.223459624741999432e+05
3.376723802543000202e+05
1.464094069708999939e+02
1.464094069708999939e+02
1.464094069708999939e+02
3.333295766325999866e+05
6.163665023168999469e+05
3.326818160734000267e+05
1.088763056806999998e+02
1.088763056806999998e+02
1.088763056806999998e+02
2.170466318962000078e+05
2.926103199341999716e+05
1.252085784272000019e+05
2.393743156081999928e+02
2.393743156081999928e+02
2.393743156081999928e+02
6.794226319335999433e+05
9.767883956458000466e+05
3.559468941837999737e+05
2.467919807620000086e+02
2.467919807620000086e+02
2.467919807620000086e+02
6.898681704014999559e+05
1.095854034944999963e+06
4.556308948775000172e+05
1.894825705227000014e+02
1.894825705227000014e+02
1.894825705227000014e+02
6.898574326362999855e+05
8.207580955889000325e+05
1.805457257289999980e+05
1.468646305185000074e+02
1.468646305185000074e+02
1.468646305185000074e+02
3.362687827106000041e+05
6.228925452626999468e+05
3.362687827106000041e+05
1.468646305185000074e+02
1.468646305185000074e+02
1.468646305185000074e+02
3.362687827106000041e+05
6.228925452626999468e+05
3.362687827106000041e+05
1.468646305185000074e+02
1.468646305185000074e+02
1.468646305185000074e+02
3.362687827106000041e+05
6.228925452626999468e+05
3.362687827106000041e+05
1.468646305185000074e+02
1.468646305185000074e+02
1.468646305185000074e+02
3.362687827106000041e+05
6.228925452626999468e+05
3.362687827106000041e+05
1.468646305185000074e+02
1.468646305185000074e+02
1.468646305185000074e+02
3.362687827106000041e+05
6.228925452626999468e+05
3.362687827106000041e+05
1.468646305185000074e+02
1.468646305185000074e+02
1.468646305185000074e+02
3.362687827106000041e+05
6.228925452626999468e+05
3.362687827106000041e+05
1.468646305185000074e+02
1.468646305185000074e+02
1.468646305185000074e+02
3.362687827106000041e+05
6.228925452626999468e+05
3.362687827106000041e+05
1.468646305185000074e+02
1.468646305185000074e+02
1.468646305185000074e+02
3.362687827106000041e+05
6.228925452626999468e+05
3.362687827106000041e+05
1.465402073266999992e+02
1.465402073266999992e+02
1.465402073266999992e+02
3.316204082882999792e+05
6.182441708405000390e+05
3.362687823860999779e+05
1.465402073266999992e+02
1.465402073266999992e+02
1.465402073266999992e+02
3.316204082882999792e+05
6.182441708405000390e+05
3.362687823860999779e+05
2.815010661493000157e+02
2.815010661493000157e+02
2.815010661493000157e+02
7.239607907636000309e+05
1.322034710452999920e+06
6.477190095991999842e+05
2.504628879809000068e+02
2.504628879809000068e+02
2.504628879809000068e+02
4.888059199549999903e+05
1.073094387978000101e+06
6.339335547596999677e+05
1.837274230376999924e+02
1.837274230376999924e+02
1.837274230376999924e+02
4.056921979813000071e+05
6.952965152603000170e+05
3.392492076681000181e+05
2.679632012914000256e+02
2.679632012914000256e+02
2.679632012914000256e+02
5.971900429759999970e+05
1.149618584263999946e+06
6.020775427704999456e+05
2.588571033607000231e+02
2.588571033607000231e+02
2.588571033607000231e+02
6.634818094363999553e+05
1.107247893258000026e+06
4.934109742108000210e+05
2.830495297179999739e+02
2.830495297179999739e+02
2.830495297179999739e+02
4.915264441948999884e+05
1.537584281085999915e+06
1.108114052274999907e+06
6.571321193933999893e+02
6.571321193933999893e+02
6.571321193933999893e+02
3.416791302397000138e+06
5.453604376422000118e+06
2.117486225701999851e+06
2.843902531319000104e+02
2.843902531319000104e+02
2.843902531319000104e+02
5.046077556202000123e+05
1.553696780174999963e+06
1.111145239938999992e+06
2.540096971153000140e+02
2.540096971153000140e+02
2.540096971153000140e+02
5.037413012819999713e+05
1.070728206311000045e+06
6.166317954176999629e+05
3.459401374843000099e+02
3.459401374843000099e+02
3.459401374843000099e+02
8.259014322636999423e+05
1.521094141902999952e+06
7.448376000285999617e+05
2.672702456764000090e+02
2.672702456764000090e+02
2.672702456764000090e+02
4.823817238395999884e+05
1.037531693290999974e+06
6.047948598408000544e+05
2.464531090170000027e+02
2.464531090170000027e+02
2.464531090170000027e+02
4.794826824620999978e+05
1.026913477349999943e+06
5.970758796292999759e+05
2.815002550963000090e+02
2.815002550963000090e+02
2.815002550963000090e+02
7.231775681967999553e+05
1.321247529948000098e+06
6.477151165451999987e+05
3.330982630377000078e+02
3.330982630377000078e+02
3.330982630377000078e+02
8.714646694387999596e+05
1.588896733180999989e+06
7.670771803829000564e+05
2.815756615899999815e+02
2.815756615899999815e+02
2.815756615899999815e+02
7.235958480169000104e+05
1.322503726480999961e+06
6.485529635069000069e+05
2.815002550963000090e+02
2.815002550963000090e+02
2.815002550963000090e+02
7.231775681967999553e+05
1.321247529948000098e+06
6.477151165451999987e+05
2.785835960361000048e+02
2.785835960361000048e+02
2.785835960361000048e+02
6.766106285131999757e+05
1.274712670740999980e+06
6.477471272712999489e+05
2.785835960361000048e+02
2.785835960361000048e+02
2.785835960361000048e+02
6.766106285131999757e+05
1.274712670740999980e+06
6.477471272712999489e+05
2.815002550963000090e+02
2.815002550963000090e+02
2.815002550963000090e+02
7.231775681967999553e+05
1.321247529948000098e+06
6.477151165451999987e+05
2.815010661493000157e+02
2.815010661493000157e+02
2.815010661493000157e+02
7.231852895660999930e+05
1.321259209255999885e+06
6.477190095991999842e+05
2.809115923849000183e+02
2.809115923849000183e+02
2.809115923849000183e+02
5.326811158325000433e+05
1.249779698936000001e+06
7.667436866113999858e+05
6.368196364725000080e+01
6.368196364725000080e+01
6.368196364725000080e+01
1.516681859622999909e+05
1.486669426317999896e+05
4.664365545086000202e+04
1.024052573846000058e+02
1.024052573846000058e+02
1.024052573846000058e+02
2.489326308365000004e+05
2.586669487882000103e+05
5.937920834084999660e+04
9.367274928106000687e+01
9.367274928106000687e+01
9.367274928106000687e+01
2.394272866232999950e+05
2.855901197025000001e+05
9.580773186059000727e+04
1.888172900493999862e+02
1.888172900493999862e+02
1.888172900493999862e+02
4.252475809516999871e+05
7.412725431616000133e+05
4.258643341715999995e+05
1.875473208473000000e+02
1.875473208473000000e+02
1.875473208473000000e+02
4.392738480682999943e+05
7.413537602252999786e+05
4.299155471286000102e+05
1.288425903529999914e+02
1.288425903529999914e+02
1.288425903529999914e+02
2.314601614862999995e+05
3.984055607787999907e+05
2.134874897614000074e+05
2.579121294357999972e+01
2.579121294357999972e+01
2.579121294357999972e+01
3.339459938864000287e+04
1.673517952122000133e+04
2.057425365349999993e+04
1.430988107377000063e+02
1.430988107377000063e+02
1.430988107377000063e+02
1.913095348486999865e+05
4.053153386731999926e+05
2.636506942136000143e+05
1.548245719134999945e+02
1.548245719134999945e+02
1.548245719134999945e+02
3.277854142211999861e+05
5.212187633371999837e+05
2.430782395051000058e+05
1.580366347769000015e+02
1.580366347769000015e+02
1.580366347769000015e+02
4.092367166285000276e+05
6.708895796466999454e+05
2.895781800288999802e+05
3.248278513521000122e+01
3.248278513521000122e+01
3.248278513521000122e+01
2.040935039558000062e+04
2.171919479158999820e+04
3.581305901256999641e+04
6.283251867370999832e+01
6.283251867370999832e+01
6.283251867370999832e+01
1.396877209204999963e+05
1.314026062523000001e+05
3.304425658077999833e+04
8.592191822972999660e+01
8.592191822972999660e+01
8.592191822972999660e+01
1.446789686036999919e+05
1.579410428224999923e+05
6.154173012215999915e+04
1.953874830109000129e+02
1.953874830109000129e+02
1.953874830109000129e+02
4.911357164152999758e+05
7.719479594599000411e+05
3.304572140852999873e+05
2.251619953912999961e+02
2.251619953912999961e+02
2.251619953912999961e+02
4.337916847856999957e+05
9.141401999680999434e+05
5.901878940657000057e+05
2.163060152035999977e+02
2.163060152035999977e+02
2.163060152035999977e+02
4.337056046581999981e+05
8.723913381669999799e+05
5.485251123921000399e+05
3.064138904737000075e+02
3.064138904737000075e+02
3.064138904737000075e+02
6.097608145765999798e+05
1.313971863248999929e+06
7.455405700977999950e+05
1.048916515901999986e+02
1.048916515901999986e+02
1.048916515901999986e+02
1.307824415486000071e+05
3.133544417847999721e+05
2.924113872902999865e+05
1.048990260310000053e+02
1.048990260310000053e+02
1.048990260310000053e+02
1.308111133745999978e+05
3.134405222970999894e+05
2.924687862207000144e+05
1.273618157423999975e+01
1.273618157423999975e+01
1.273618157423999975e+01
1.552978976506999970e+04
1.552240227464000100e+03
1.705050695560000167e+04
2.038305209746999935e+02
2.038305209746999935e+02
2.038305209746999935e+02
4.090951861658000271e+05
6.286977044587000273e+05
2.692474086820000084e+05
1.894825705227000014e+02
1.894825705227000014e+02
1.894825705227000014e+02
6.898574326362999855e+05
8.207580955889000325e+05
1.805457257289999980e+05
2.467908588864000023e+02
2.467908588864000023e+02
2.467908588864000023e+02
6.898574899446000345e+05
1.095837879734999966e+06
4.556255098746999865e+05
3.332214710079999804e+02
3.332214710079999804e+02
3.332214710079999804e+02
8.743081011954999994e+05
1.591734690184999956e+06
7.670717955044000410e+05
2.431810457740999993e+02
2.431810457740999993e+02
2.431810457740999993e+02
6.919366690421999665e+05
9.862522287756999722e+05
3.618327709239000105e+05
1.093414158428000036e+02
1.093414158428000036e+02
1.093414158428000036e+02
2.180298210682999925e+05
2.972323210799000226e+05
1.288473904006999946e+05
1.465937036917999876e+02
1.465937036917999876e+02
1.465937036917999876e+02
3.337692570055000251e+05
6.190271600456000306e+05
3.349027934292000136e+05
1.468239132735999988e+02
1.468239132735999988e+02
1.468239132735999988e+02
3.343184726089999895e+05
6.223459624741999432e+05
3.376723802543000202e+05
1.470533136701000103e+02
1.470533136701000103e+02
1.470533136701000103e+02
3.348657577230000170e+05
6.256297282145000063e+05
3.404088608805999975e+05
1.465928945064999880e+02
1.465928945064999880e+02
1.465928945064999880e+02
3.337673265159999719e+05
6.189921233572999481e+05
3.348696872303999844e+05
7.634035806231000265e+01
7.634035806231000265e+01
7.634035806231000265e+01
1.019901668983999989e+05
2.279352253563000122e+05
1.755899757464000140e+05
2.244015208815999927e+02
2.244015208815999927e+02
2.244015208815999927e+02
1.378248315370999975e+06
1.782405814656999893e+06
4.538024551557999803e+05
2.244015208815999927e+02
2.244015208815999927e+02
2.244015208815999927e+02
1.378248315370999975e+06
1.782405814656999893e+06
4.538024551557999803e+05
7.634035806231000265e+01
7.634035806231000265e+01
7.634035806231000265e+01
1.019901668983999989e+05
2.279352253563000122e+05
1.755899757464000140e+05
1.465928945064999880e+02
1.465928945064999880e+02
1.465928945064999880e+02
3.337673265159999719e+05
6.189921233572999481e+05
3.348696872303999844e+05
1.468227016477000006e+02
1.468227016477000006e+02
1.468227016477000006e+02
3.343155820089000044e+05
6.222933557719000382e+05
3.376226641520999838e+05
1.468239132735999988e+02
1.468239132735999988e+02
1.468239132735999988e+02
3.343184726089999895e+05
6.223459624741999432e+05
3.376723802543000202e+05
1.464094069708999939e+02
1.464094069708999939e+02
1.464094069708999939e+02
3.333295766325999866e+05
6.163665023168999469e+05
3.326818160734000267e+05
1.088763056806999998e+02
1.088763056806999998e+02
1.088763056806999998e+02
2.170466318962000078e+05
2.926103199341999716e+05
1.252085784272000019e+05
2.424514792951999880e+02
2.424514792951999880e+02
2.424514792951999880e+02
6.838906736072000349e+05
9.767883987229999620e+05
3.604149358574000071e+05
2.467919807620000086e+02
2.467919807620000086e+02
2.467919807620000086e+02
6.898681704014999559e+05
1.095854034944999963e+06
4.556308948775000172e+05
1.894825705227000014e+02
1.894825705227000014e+02
1.894825705227000014e+02
6.898574326362999855e+05
8.207580955889000325e+05
1.805457257289999980e+05
1.468646305185000074e+02
1.468646305185000074e+02
1.468646305185000074e+02
3.362687827106000041e+05
6.228925452626999468e+05
3.362687827106000041e+05
1.468646305185000074e+02
1.468646305185000074e+02
1.468646305185000074e+02
3.362687827106000041e+05
6.228925452626999468e+05
3.362687827106000041e+05
1.468646305185000074e+02
1.468646305185000074e+02
1.468646305185000074e+02
3.362687827106000041e+05
6.228925452626999468e+05
3.362687827106000041e+05
1.468646305185000074e+02
1.468646305185000074e+02
1.468646305185000074e+02
3.362687827106000041e+05
6.228925452626999468e+05
3.362687827106000041e+05
1.468646305185000074e+02
1.468646305185000074e+02
1.468646305185000074e+02
3.362687827106000041e+05
6.228925452626999468e+05
3.362687827106000041e+05
1.468646305185000074e+02
1.468646305185000074e+02
1.468646305185000074e+02
3.362687827106000041e+05
6.228925452626999468e+05
3.362687827106000041e+05
1.468646305185000074e+02
1.468646305185000074e+02
1.468646305185000074e+02
3.362687827106000041e+05
6.228925452626999468e+05
3.362687827106000041e+05
1.468646305185000074e+02
1.468646305185000074e+02
1.468646305185000074e+02
3.362687827106000041e+05
6.228925452626999468e+05
3.362687827106000041e+05
1.465402073266999992e+02
1.465402073266999992e+02
1.465402073266999992e+02
3.316204082882999792e+05
6.182441708405000390e+05
3.362687823860999779e+05
1.465402073266999992e+02
1.465402073266999992e+02
1.465402073266999992e+02
3.316204082882999792e+05
6.182441708405000390e+05
3.362687823860999779e+05
2.815010661493000157e+02
2.815010661493000157e+02
2.815010661493000157e+02
7.239607907636000309e+05
1.322034710452999920e+06
6.477190095991999842e+05
3.056196013019999782e+02
3.056196013019999782e+02
3.056196013019999782e+02
6.756481831960000563e+05
1.184323416060999967e+06
7.184954150865999982e+05
1.837274230376999924e+02
1.837274230376999924e+02
1.837274230376999924e+02
4.056921979813000071e+05
6.952965152603000170e+05
3.392492076681000181e+05
2.679617885690000207e+02
2.679617885690000207e+02
2.679617885690000207e+02
5.971879917030000361e+05
1.149614489248000085e+06
6.020713879345000023e+05
2.588571033607000231e+02
2.588571033607000231e+02
2.588571033607000231e+02
6.634818094363999553e+05
1.107247893258000026e+06
4.934109742108000210e+05
2.830495297179999739e+02
2.830495297179999739e+02
2.830495297179999739e+02
4.915264441948999884e+05
1.537584281085999915e+06
1.108114052274999907e+06
6.592690386205000550e+02
6.592690386205000550e+02
6.592690386205000550e+02
3.419894109114999883e+06
5.453604378558999859e+06
2.120589032420000061e+06
2.843902531319000104e+02
2.843902531319000104e+02
2.843902531319000104e+02
5.046077556202000123e+05
1.553696780174999963e+06
1.111145239938999992e+06
2.540096971153000140e+02
2.540096971153000140e+02
2.540096971153000140e+02
5.037413012819999713e+05
1.070728206311000045e+06
6.166317954176999629e+05
3.459401374843000099e+02
3.459401374843000099e+02
3.459401374843000099e+02
8.259014322636999423e+05
1.521094141902999952e+06
7.448376000285999617e+05
2.672702456764000090e+02
2.672702456764000090e+02
2.672702456764000090e+02
4.823817238395999884e+05
1.037531693290999974e+06
6.047948598408000544e+05
2.464531090170000027e+02
2.464531090170000027e+02
2.464531090170000027e+02
4.794826824620999978e+05
1.026913477349999943e+06
5.970758796292999759e+05
2.815002550963000090e+02
2.815002550963000090e+02
2.815002550963000090e+02
7.231775681967999553e+05
1.321247529948000098e+06
6.477151165451999987e+05
3.330982630377000078e+02
3.330982630377000078e+02
3.330982630377000078e+02
8.714646694387999596e+05
1.588896733180999989e+06
7.670771803829000564e+05
2.815756615899999815e+02
2.815756615899999815e+02
2.815756615899999815e+02
7.235958480169000104e+05
1.322503726480999961e+06
6.485529635069000069e+05
2.815002550963000090e+02
2.815002550963000090e+02
2.815002550963000090e+02
7.231775681967999553e+05
1.321247529948000098e+06
6.477151165451999987e+05
2.785835960361000048e+02
2.785835960361000048e+02
2.785835960361000048e+02
6.766106285131999757e+05
1.274712670740999980e+06
6.477471272712999489e+05
2.785835960361000048e+02
2.785835960361000048e+02
2.785835960361000048e+02
6.766106285131999757e+05
1.274712670740999980e+06
6.477471272712999489e+05
2.815002550963000090e+02
2.815002550963000090e+02
2.815002550963000090e+02
7.231775681967999553e+05
1.321247529948000098e+06
6.477151165451999987e+05
2.815010661493000157e+02
2.815010661493000157e+02
2.815010661493000157e+02
7.231852895660999930e+05
1.321259209255999885e+06
6.477190095991999842e+05
2.809115923849000183e+02
2.809115923849000183e+02
2.809115923849000183e+02
5.326811158325000433e+05
1.249779698936000001e+06
7.667436866113999858e+05
6.368231684973999762e+01
6.368231684973999762e+01
6.368231684973999762e+01
1.516686988123999909e+05
1.486679598477999971e+05
4.664519406449000235e+04
1.024052573846000058e+02
1.024052573846000058e+02
1.024052573846000058e+02
2.489326308365000004e+05
2.586669487882000103e+05
5.937920834084999660e+04
9.367274928106000687e+01
9.367274928106000687e+01
9.367274928106000687e+01
2.394272866232999950e+05
2.855901197025000001e+05
9.580773186059000727e+04
1.888172900493999862e+02
1.888172900493999862e+02
1.888172900493999862e+02
4.252475809516999871e+05
7.412725431616000133e+05
4.258643341715999995e+05
1.875473208473000000e+02
1.875473208473000000e+02
1.875473208473000000e+02
4.392738480682999943e+05
7.413537602252999786e+05
4.299155471286000102e+05
1.288425903529999914e+02
1.288425903529999914e+02
1.288425903529999914e+02
2.314601614862999995e+05
3.984055607787999907e+05
2.134874897614000074e+05
2.579121294357999972e+01
2.579121294357999972e+01
2.579121294357999972e+01
3.339459938864000287e+04
1.673517952122000133e+04
2.057425365349999993e+04
1.430988107377000063e+02
1.430988107377000063e+02
1.430988107377000063e+02
1.913095348486999865e+05
4.053153386731999926e+05
2.636506942136000143e+05
1.548245719134999945e+02
1.548245719134999945e+02
1.548245719134999945e+02
3.277854142211999861e+05
5.212187633371999837e+05
2.430782395051000058e+05
1.580366347769000015e+02
1.580366347769000015e+02
1.580366347769000015e+02
4.092367166285000276e+05
6.708895796466999454e+05
2.895781800288999802e+05
4.801779938560999739e+01
4.801779938560999739e+01
4.801779938560999739e+01
2.040936593059000006e+04
3.487300205768999876e+04
4.896686627867000061e+04
6.283251867370999832e+01
6.283251867370999832e+01
6.283251867370999832e+01
1.396877209204999963e+05
1.314026062523000001e+05
3.304425658077999833e+04
8.592191822972999660e+01
8.592191822972999660e+01
8.592191822972999660e+01
1.446789686036999919e+05
1.579410428224999923e+05
6.154173012215999915e+04
2.109224972613000091e+02
2.109224972613000091e+02
2.109224972613000091e+02
4.911357319503999897e+05
7.851017667260000017e+05
3.436110213514000061e+05
2.251619953912999961e+02
2.251619953912999961e+02
2.251619953912999961e+02
4.337916847856999957e+05
9.141401999680999434e+05
5.901878940657000057e+05
2.163060152035999977e+02
2.163060152035999977e+02
2.163060152035999977e+02
4.337056046581999981e+05
8.723913381669999799e+05
5.485251123921000399e+05
3.064138904737000075e+02
3.064138904737000075e+02
3.064138904737000075e+02
6.097608145765999798e+05
1.313971863248999929e+06
7.455405700977999950e+05
1.048916515901999986e+02
1.048916515901999986e+02
1.048916515901999986e+02
1.307824415486000071e+05
3.133544417847999721e+05
2.924113872902999865e+05
1.048990260310000053e+02
1.048990260310000053e+02
1.048990260310000053e+02
1.308111133745999978e+05
3.134405222970999894e+05
2.924687862207000144e+05
1.273618157423999975e+01
1.273618157423999975e+01
1.273618157423999975e+01
1.552978976506999970e+04
1.552240227464000100e+03
1.705050695560000167e+04
2.038305209746999935e+02
2.038305209746999935e+02
2.038305209746999935e+02
4.090951861658000271e+05
6.286977044587000273e+05
2.692474086820000084e+05
2.001632813505999877e+02
2.001632813505999877e+02
2.001632813505999877e+02
7.226713737212000415e+05
8.207581062695999863e+05
2.133596668138999958e+05
2.574720602281000197e+02
2.574720602281000197e+02
2.574720602281000197e+02
7.226748921833999921e+05
1.095840178651999915e+06
4.884406046481999801e+05
3.439026723498000138e+02
3.439026723498000138e+02
3.439026723498000138e+02
9.071255034342999570e+05
1.591736989101999905e+06
7.998868902779000346e+05
2.507845929149999904e+02
2.507845929149999904e+02
2.507845929149999904e+02
7.202825684535000473e+05
9.862522363792000106e+05
3.901786703351999749e+05
1.200221266707000041e+02
1.200221266707000041e+02
1.200221266707000041e+02
2.508437621531999903e+05
2.972323317605999764e+05
1.616613314856000070e+05
9.258309596022999699e+01
9.258309596022999699e+01
9.258309596022999699e+01
2.122478255768000090e+05
3.103564256990000140e+05
2.133813620003999968e+05
1.575046241015000135e+02
1.575046241015000135e+02
1.575046241015000135e+02
3.671324136938999873e+05
6.223459731549000135e+05
3.704863213392000180e+05
1.577340244979999966e+02
1.577340244979999966e+02
1.577340244979999966e+02
3.676796988079000148e+05
6.256297388951999601e+05
3.732228019654999953e+05
1.572736053344000027e+02
1.572736053344000027e+02
1.572736053344000027e+02
3.665812676009000279e+05
6.189921340380000183e+05
3.676836283152999822e+05
8.702106889022999781e+01
8.702106889022999781e+01
8.702106889022999781e+01
1.348041079832999967e+05
2.279352360369999951e+05
2.084039168313000118e+05
2.350822317095000074e+02
2.350822317095000074e+02
2.350822317095000074e+02
1.411062256455000024e+06
1.782405825337999966e+06
4.866163962407999788e+05
2.350822317095000074e+02
2.350822317095000074e+02
2.350822317095000074e+02
1.411062256455000024e+06
1.782405825337999966e+06
4.866163962407999788e+05
8.702106889022999781e+01
8.702106889022999781e+01
8.702106889022999781e+01
1.348041079832999967e+05
2.279352360369999951e+05
2.084039168313000118e+05
1.572736053344000027e+02
1.572736053344000027e+02
1.572736053344000027e+02
3.665812676009000279e+05
6.189921340380000183e+05
3.676836283152999822e+05
1.575034124755999869e+02
1.575034124755999869e+02
1.575034124755999869e+02
3.671295230938000022e+05
6.222933664525999920e+05
3.704366052369999816e+05
1.575046241015000135e+02
1.575046241015000135e+02
1.575046241015000135e+02
3.671324136938999873e+05
6.223459731549000135e+05
3.704863213392000180e+05
1.570901177988000086e+02
1.570901177988000086e+02
1.570901177988000086e+02
3.661435177174999844e+05
6.163665129976000171e+05
3.654957571583000245e+05
1.195570165087000021e+02
1.195570165087000021e+02
1.195570165087000021e+02
2.498605729811000056e+05
2.926103306149999844e+05
1.580225195120999997e+05
2.444252155995000066e+02
2.444252155995000066e+02
2.444252155995000066e+02
6.989952579308999702e+05
9.767884006966999732e+05
3.755195201812000014e+05
2.574726915899000232e+02
2.574726915899000232e+02
2.574726915899000232e+02
7.226821114864000119e+05
1.095854045626000036e+06
4.884448359624000150e+05
2.001632813505999877e+02
2.001632813505999877e+02
2.001632813505999877e+02
7.226713737212000415e+05
8.207581062695999863e+05
2.133596668138999958e+05
1.575453413463999937e+02
1.575453413463999937e+02
1.575453413463999937e+02
3.690827237955000019e+05
6.228925559434000170e+05
3.690827237955000019e+05
1.575453413463999937e+02
1.575453413463999937e+02
1.575453413463999937e+02
3.690827237955000019e+05
6.228925559434000170e+05
3.690827237955000019e+05
1.575453413463999937e+02
1.575453413463999937e+02
1.575453413463999937e+02
3.690827237955000019e+05
6.228925559434000170e+05
3.690827237955000019e+05
1.575453413463999937e+02
1.575453413463999937e+02
1.575453413463999937e+02
3.690827237955000019e+05
6.228925559434000170e+05
3.690827237955000019e+05
1.575453413463999937e+02
1.575453413463999937e+02
1.575453413463999937e+02
3.690827237955000019e+05
6.228925559434000170e+05
3.690827237955000019e+05
1.575453413463999937e+02
1.575453413463999937e+02
1.575453413463999937e+02
3.690827237955000019e+05
6.228925559434000170e+05
3.690827237955000019e+05
1.575453413463999937e+02
1.575453413463999937e+02
1.575453413463999937e+02
3.690827237955000019e+05
6.228925559434000170e+05
3.690827237955000019e+05
1.575453413463999937e+02
1.575453413463999937e+02
1.575453413463999937e+02
3.690827237955000019e+05
6.228925559434000170e+05
3.690827237955000019e+05
1.572209181547000014e+02
1.572209181547000014e+02
1.572209181547000014e+02
3.644343493731999770e+05
6.182441815211999929e+05
3.690827234709999757e+05
1.572209181547000014e+02
1.572209181547000014e+02
1.572209181547000014e+02
3.644343493731999770e+05
6.182441815211999929e+05
3.690827234709999757e+05
2.921817769772000020e+02
2.921817769772000020e+02
2.921817769772000020e+02
7.567747318484999705e+05
1.322034721133999992e+06
6.805329506841000402e+05
2.552690135880999946e+02
2.552690135880999946e+02
2.552690135880999946e+02
5.078028366006999859e+05
1.073094392783999909e+06
6.529304714053999633e+05
1.792437177907999910e+02
1.792437177907999910e+02
1.792437177907999910e+02
4.577717147059999988e+05
4.978548033672000165e+05
2.890483214785999735e+05
2.730126885604000222e+02
2.730126885604000222e+02
2.730126885604000222e+02
6.167606177003999474e+05
1.149614494298999896e+06
6.216440139319000300e+05
2.639080033521000246e+02
2.639080033521000246e+02
2.639080033521000246e+02
6.830544354337999830e+05
1.107247898309000069e+06
5.129836002080999897e+05
2.859635104823000233e+02
2.859635104823000233e+02
2.859635104823000233e+02
5.079962634744999814e+05
1.537584283999999985e+06
1.124583871554000070e+06
6.660683270703999597e+02
6.660683270703999597e+02
6.660683270703999597e+02
3.449348626680000219e+06
5.453604385358000174e+06
2.150043549984999932e+06
2.873042338962000031e+02
2.873042338962000031e+02
2.873042338962000031e+02
5.210775748998000054e+05
1.553696783089000033e+06
1.127615059217999922e+06
2.590913291604999813e+02
2.590913291604999813e+02
2.590913291604999813e+02
5.234511227426999831e+05
1.070873251771999989e+06
6.363568435423000483e+05
3.510249915283000064e+02
3.510249915283000064e+02
3.510249915283000064e+02
8.456340774747000542e+05
1.521254451918999897e+06
7.645702452395999571e+05
2.723211456678000104e+02
2.723211456678000104e+02
2.723211456678000104e+02
5.019543498370000161e+05
1.037531698342000018e+06
6.243674858380999649e+05
2.515040090084000042e+02
2.515040090084000042e+02
2.515040090084000042e+02
4.990553084595000255e+05
1.026913482399999979e+06
6.166485056267000036e+05
2.865511550877000104e+02
2.865511550877000104e+02
2.865511550877000104e+02
7.427501941940999823e+05
1.321247534998999909e+06
6.672877425426000264e+05
3.381491630291000092e+02
3.381491630291000092e+02
3.381491630291000092e+02
8.910372954361999873e+05
1.588896738232000032e+06
7.866498063801999670e+05
2.866265615812999954e+02
2.866265615812999954e+02
2.866265615812999954e+02
7.431684740142000373e+05
1.322503731532000005e+06
6.681255895042000338e+05
2.865511550877000104e+02
2.865511550877000104e+02
2.865511550877000104e+02
7.427501941940999823e+05
1.321247534998999909e+06
6.672877425426000264e+05
2.892643068639999910e+02
2.892643068639999910e+02
2.892643068639999910e+02
7.094245695981000317e+05
1.274712681422000052e+06
6.805610683562000049e+05
2.892643068639999910e+02
2.892643068639999910e+02
2.892643068639999910e+02
7.094245695981000317e+05
1.274712681422000052e+06
6.805610683562000049e+05
2.921809659242999828e+02
2.921809659242999828e+02
2.921809659242999828e+02
7.559915092817000113e+05
1.321247540628999937e+06
6.805290576301000547e+05
2.921817769772000020e+02
2.921817769772000020e+02
2.921817769772000020e+02
7.559992306510000490e+05
1.321259219936999958e+06
6.805329506841000402e+05
2.859624923763000197e+02
2.859624923763000197e+02
2.859624923763000197e+02
5.522537418297999538e+05
1.249779703987000044e+06
7.863163126088000135e+05
6.860833944505000659e+01
6.860833944505000659e+01
6.860833944505000659e+01
1.709167101095000107e+05
1.496281822331000003e+05
6.635284103549999418e+04
1.047364419959999964e+02
1.047364419959999964e+02
1.047364419959999964e+02
2.621084862602000067e+05
2.586669511194000079e+05
7.255506376451000688e+04
9.600402382965999948e+01
9.600402382965999948e+01
9.600402382965999948e+01
2.526036455801000120e+05
2.855916326493999804e+05
1.089845859745000052e+05
1.939750360021000120e+02
1.939750360021000120e+02
1.939750360021000120e+02
4.543991610765000223e+05
7.412725483194000553e+05
4.550159142963999766e+05
1.935501212217000102e+02
1.935501212217000102e+02
1.935501212217000102e+02
4.732016757843000232e+05
7.413537662281000521e+05
4.638433748445999809e+05
1.536437728328999981e+02
1.536437728328999981e+02
1.536437728328999981e+02
2.465201556408999895e+05
4.033312132948000217e+05
2.280578748566999857e+05
2.753960140212999974e+01
2.753960140212999974e+01
2.753960140212999974e+01
4.327649095639000006e+04
1.673518126960999871e+04
3.045614522125000076e+04
1.761267623859999958e+02
1.761267623859999958e+02
1.761267623859999958e+02
2.483333227774999978e+05
6.369394212423999561e+05
4.134285436594000203e+05
2.405613820739999937e+02
2.405613820739999937e+02
2.405613820739999937e+02
5.298755942255000118e+05
9.149702558613000438e+05
4.610912605410999968e+05
1.988925877455999967e+02
1.988925877455999967e+02
1.988925877455999967e+02
4.342392864473999944e+05
7.319781077389999991e+05
3.756692370841000229e+05
6.239343782260999660e+01
6.239343782260999660e+01
6.239343782260999660e+01
1.178358357144000001e+04
8.601325782256999810e+04
9.148132530875000521e+04
3.688921704482999786e+01
3.688921704482999786e+01
3.688921704482999786e+01
1.349307176307000009e+04
4.559432101002999843e+04
5.276593487143999664e+04
8.491320389825999371e+01
8.491320389825999371e+01
8.491320389825999371e+01
1.503283322856999876e+05
1.501789919319000037e+05
7.375735208153999702e+04
1.982287200652000081e+02
1.982287200652000081e+02
1.982287200652000081e+02
4.971474199072999763e+05
7.673914583032999653e+05
3.462407217387999990e+05
2.303197413441000094e+02
2.303197413441000094e+02
2.303197413441000094e+02
4.629432649104999728e+05
9.141402051257999847e+05
6.193394741905999836e+05
3.050716972444000135e+02
3.050716972444000135e+02
3.050716972444000135e+02
7.879248402933999896e+05
1.197458998834999977e+06
5.776767761248999741e+05
3.084740680597000164e+02
3.084740680597000164e+02
3.084740680597000164e+02
6.209795041170000331e+05
1.314928983009000076e+06
7.572167976578000234e+05
1.936573336309000126e+02
1.936573336309000126e+02
1.936573336309000126e+02
4.850016771837000269e+05
6.384221024528000271e+05
3.215630510230999789e+05
1.100567719837000027e+02
1.100567719837000027e+02
1.100567719837000027e+02
1.599626934993999894e+05
3.134405274548999732e+05
3.216203663454999914e+05
1.419317195636000051e+01
1.419317195636000051e+01
1.419317195636000051e+01
2.376469940485999905e+04
1.552241684455000041e+03
2.528541659539000102e+04
2.145112318026000082e+02
2.145112318026000082e+02
2.145112318026000082e+02
4.419091272507000249e+05
6.286977151393999811e+05
3.020613497669000062e+05
6.053883730380000117e+01
6.053883730380000117e+01
6.053883730380000117e+01
3.416413079747000302e+04
4.602792222071000288e+04
3.745086827859000186e+04
9.005754684625000550e+01
9.005754684625000550e+01
9.005754684625000550e+01
2.144132511812000012e+05
2.504625125271999859e+05
2.410819975796999934e+05
1.409207852293999963e+02
1.409207852293999963e+02
1.409207852293999963e+02
2.151737241102000116e+05
4.947191889225000050e+05
4.850830313914999715e+05
2.844350615030999734e+02
2.844350615030999734e+02
2.844350615030999734e+02
6.901285018058000132e+05
1.247554645741000073e+06
7.629637961367999669e+05
2.328085600061999969e+02
2.328085600061999969e+02
2.328085600061999969e+02
6.800820140717000468e+05
8.695879866840000032e+05
3.950412515847000177e+05
1.230798487364999971e+02
1.230798487364999971e+02
1.230798487364999971e+02
2.842539208570999908e+05
2.640009138077999814e+05
2.052135325190000003e+05
1.565889054845000032e+02
1.565889054845000032e+02
1.565889054845000032e+02
3.880101114275000291e+05
5.515623270745000336e+05
3.890187552153000142e+05
1.567948534576999862e+02
1.567948534576999862e+02
1.567948534576999862e+02
3.885014456261000014e+05
5.545313634985999670e+05
3.914964574407999753e+05
1.569989786010000046e+02
1.569989786010000046e+02
1.569989786010000046e+02
3.889884310627999948e+05
5.574533251093999716e+05
3.939314336148999864e+05
1.565881854550000014e+02
1.565881854550000014e+02
1.565881854550000014e+02
3.880083936386000132e+05
5.515311507159000030e+05
3.889892966455999995e+05
9.389278368493999949e+01
9.389278368493999949e+01
9.389278368493999949e+01
1.813986926032000047e+05
2.027439560940999945e+05
2.468118269664999971e+05
2.222242884734000086e+02
2.222242884734000086e+02
2.222242884734000086e+02
1.306177885427000001e+06
1.585107808301999932e+06
4.839626651433000225e+05
2.222242884734000086e+02
2.222242884734000086e+02
2.222242884734000086e+02
1.306177885427000001e+06
1.585107808301999932e+06
4.839626651433000225e+05
9.069556253937000179e+01
9.069556253937000179e+01
9.069556253937000179e+01
1.720059609307000064e+05
2.035422578635000100e+05
2.373591556653000007e+05
1.533440369493000048e+02
1.533440369493000048e+02
1.533440369493000048e+02
3.782949252946000197e+05
5.520362404714999720e+05
3.792758283015000052e+05
1.537657040169999902e+02
1.537657040169999902e+02
1.537657040169999902e+02
3.671827751675000181e+05
5.581163206954000052e+05
3.964680586523999809e+05
1.348699783488999913e+02
1.348699783488999913e+02
1.348699783488999913e+02
3.352373565900999820e+05
5.552640896213999949e+05
3.104770497148999711e+05
1.531807660044999864e+02
1.531807660044999864e+02
1.531807660044999864e+02
3.779054065361000248e+05
5.496999094139999943e+05
3.773290160025000223e+05
1.999394002358000080e+02
1.999394002358000080e+02
1.999394002358000080e+02
4.291603455101000145e+05
1.051724183486999944e+06
8.275965220306999981e+05
1.675120565521000060e+02
1.675120565521000060e+02
1.675120565521000060e+02
6.568945915128999623e+05
5.976043352178999921e+05
1.008337323978000059e+05
5.041198232314999927e+01
5.041198232314999927e+01
5.041198232314999927e+01
1.127343953812999971e+05
4.420095891853999638e+04
1.569331031054999912e+05
4.120368800658000197e+01
4.120368800658000197e+01
4.120368800658000197e+01
1.127332903859999933e+05
4.120368800658000263e-02
1.127332903859999933e+05
7.784213948248999770e+01
7.784213948248999770e+01
7.784213948248999770e+01
1.500322730363000010e+05
1.758646082880999893e+05
2.512989114584999916e+05
1.432318678324000132e+02
1.432318678324000132e+02
1.432318678324000132e+02
3.253373846817999729e+05
4.897353043676000088e+05
3.898645612822999828e+05
1.432318678324000132e+02
1.432318678324000132e+02
1.432318678324000132e+02
3.253373846817999729e+05
4.897353043676000088e+05
3.898645612822999828e+05
1.432318678324000132e+02
1.432318678324000132e+02
1.432318678324000132e+02
3.253373846817999729e+05
4.897353043676000088e+05
3.898645612822999828e+05
1.432318678324000132e+02
1.432318678324000132e+02
1.432318678324000132e+02
3.253373846817999729e+05
4.897353043676000088e+05
3.898645612822999828e+05
1.432318678324000132e+02
1.432318678324000132e+02
1.432318678324000132e+02
3.253373846817999729e+05
4.897353043676000088e+05
3.898645612822999828e+05
1.432318678324000132e+02
1.432318678324000132e+02
1.432318678324000132e+02
3.253373846817999729e+05
4.897353043676000088e+05
3.898645612822999828e+05
1.222512063297999987e+02
1.222512063297999987e+02
1.222512063297999987e+02
2.246302094690999947e+05
3.890281291548999725e+05
3.898645403017000062e+05
1.188088237201999959e+02
1.188088237201999959e+02
1.188088237201999959e+02
2.127432054062999960e+05
3.873580511864000000e+05
3.796476107649999904e+05
1.189253829507999995e+02
1.189253829507999995e+02
1.189253829507999995e+02
2.144132800489999936e+05
3.890281258291000267e+05
3.796476108816000051e+05
2.394503954898000018e+02
2.394503954898000018e+02
2.394503954898000018e+02
5.634615035320000025e+05
1.016487620380999986e+06
6.584967045886999695e+05
2.365093875096000033e+02
2.365093875096000033e+02
2.365093875096000033e+02
4.927701180825000047e+05
9.554569450843000086e+05
6.214072924305000342e+05
1.776227521476000106e+02
1.776227521476000106e+02
1.776227521476000106e+02
4.196125160863000201e+05
6.204019591235000407e+05
3.608707421457999735e+05
2.176544776753000008e+02
2.176544776753000008e+02
2.176544776753000008e+02
5.223932444269999978e+05
8.901310789100000402e+05
5.278191335915999953e+05
2.445047226782999985e+02
2.445047226782999985e+02
2.445047226782999985e+02
6.491024047062000027e+05
9.864459030198999681e+05
4.973784673383000190e+05
2.622458390732999760e+02
2.622458390732999760e+02
2.622458390732999760e+02
4.902927541188999894e+05
1.369747747596000088e+06
1.039586395187000046e+06
6.064048371725999687e+02
6.064048371725999687e+02
6.064048371725999687e+02
3.129626105554000009e+06
4.850901358175000176e+06
1.976400232233999996e+06
2.607948895988999993e+02
2.607948895988999993e+02
2.607948895988999993e+02
4.843485549411000102e+05
1.347890257154999999e+06
1.023445062980000046e+06
2.423435486843999911e+02
2.423435486843999911e+02
2.423435486843999911e+02
5.234257868922000052e+05
9.963818678958000382e+05
6.331268961186000379e+05
2.709827184298999896e+02
2.709827184298999896e+02
2.709827184298999896e+02
5.757388618343999842e+05
1.152536714542000089e+06
7.367865792042999528e+05
1.732165594267999893e+02
1.732165594267999893e+02
1.732165594267999893e+02
3.912160691707999795e+05
6.371324100724000018e+05
4.058196104858000181e+05
1.830697394905000124e+02
1.830697394905000124e+02
1.830697394905000124e+02
5.889856520277999807e+05
1.175853395882999990e+06
7.467395221434000414e+05
2.515155471623000096e+02
2.515155471623000096e+02
2.515155471623000096e+02
6.381674511300999438e+05
1.113985898965999950e+06
6.356903792234000284e+05
1.897004169847000128e+02
1.897004169847000128e+02
1.897004169847000128e+02
5.926052618859000504e+05
8.347463746534000384e+05
4.020129731311000069e+05
2.515828260099000033e+02
2.515828260099000033e+02
2.515828260099000033e+02
6.385406468977000332e+05
1.115106697069999995e+06
6.364379193269000389e+05
2.515155471623000096e+02
2.515155471623000096e+02
2.515155471623000096e+02
6.381674511300999438e+05
1.113985898965999950e+06
6.356903792234000284e+05
2.576649449276999917e+02
2.576649449276999917e+02
2.576649449276999917e+02
6.195357099716999801e+05
1.072551069357000059e+06
6.585506564731999533e+05
2.576649449276999917e+02
2.576649449276999917e+02
2.576649449276999917e+02
6.195357099716999801e+05
1.072551069357000059e+06
6.585506564731999533e+05
2.602672335502999772e+02
2.602672335502999772e+02
2.602672335502999772e+02
6.610834585515999934e+05
1.114070195236000000e+06
6.585220960050000576e+05
3.055538154202999976e+02
3.055538154202999976e+02
3.055538154202999976e+02
1.745196737460999982e+06
5.080017223801000044e+06
3.540355766789000016e+06
2.639117482328999813e+02
2.639117482328999813e+02
2.639117482328999813e+02
5.325308224270000355e+05
1.112328473352999892e+06
7.392508388776000356e+05
7.596535339135000697e+01
7.596535339135000697e+01
7.596535339135000697e+01
1.874516707090999989e+05
1.663412331285999971e+05
1.180972095714000025e+05
1.045000497866000018e+02
1.045000497866000018e+02
1.045000497866000018e+02
2.694697062015000265e+05
2.394397551773999876e+05
9.753244760011999460e+04
8.722213154842999927e+01
8.722213154842999927e+01
8.722213154842999927e+01
2.608571696570999920e+05
2.497187057630000054e+05
1.164239431224000000e+05
1.809789163791000135e+02
1.809789163791000135e+02
1.809789163791000135e+02
4.741392949902000255e+05
6.510013448877000483e+05
4.590939040804000106e+05
4.669969266066000273e+02
4.669969266066000273e+02
4.669969266066000273e+02
1.349060409530000063e+06
6.247743513995000394e+05
1.374484731703999918e+06
1.259444238627999937e+02
1.259444238627999937e+02
1.259444238627999937e+02
2.440436683430999983e+05
3.346893092486999813e+05
2.102353949410000059e+05
3.234799379665999908e+01
3.234799379665999908e+01
3.234799379665999908e+01
6.000184174340999743e+04
1.660694527005000054e+04
5.227690782000999752e+04
2.471514102484999853e+01
2.471514102484999853e+01
2.471514102484999853e+01
3.756174196097000095e+04
1.200629327163999915e+04
3.822575062279000122e+04
1.084394072886999965e+02
1.084394072886999965e+02
1.084394072886999965e+02
2.689261618841000018e+05
4.019643773308999953e+05
2.606244941056999960e+05
1.123062605269000045e+02
1.123062605269000045e+02
1.123062605269000045e+02
4.341881982736000209e+05
3.854563132468999829e+05
1.107211202296999982e+05
1.387525563757000100e+02
1.387525563757000100e+02
1.387525563757000100e+02
2.273211617894000083e+05
6.182376485151000088e+05
3.909164867256999714e+05
8.363512511601000199e+01
8.363512511601000199e+01
8.363512511601000199e+01
1.678363378588999913e+05
1.390180752209000057e+05
9.523617002407999826e+04
1.721840388875000087e+02
1.721840388875000087e+02
1.721840388875000087e+02
4.794436898849999998e+05
6.787893427687999792e+05
3.270571765738999820e+05
2.265881856348999861e+02
2.265881856348999861e+02
2.265881856348999861e+02
5.102920003117999877e+05
8.461069047445999458e+05
6.180467720929000061e+05
2.118937794635000103e+02
2.118937794635000103e+02
2.118937794635000103e+02
4.830262107196999714e+05
7.826126093493000371e+05
5.818182592962000053e+05
2.795359867757999837e+02
2.795359867757999837e+02
2.795359867757999837e+02
5.782793362083999673e+05
1.170119605560000055e+06
6.980360999292000197e+05
1.130274858840000007e+02
1.130274858840000007e+02
1.130274858840000007e+02
2.167067769894000085e+05
2.853751824637000100e+05
3.509002738804999972e+05
1.765665196271999946e+02
1.765665196271999946e+02
1.765665196271999946e+02
1.390915876435999991e+06
4.341414500230999663e+06
3.232730489473999944e+06
2.006136559685999998e+01
2.006136559685999998e+01
2.006136559685999998e+01
3.990543128145999799e+04
4.154854549310999573e+03
4.397592240799000137e+04
1.753080169632000036e+02
1.753080169632000036e+02
1.753080169632000036e+02
3.627358316840999760e+05
4.612096299371999921e+05
2.653123598503000103e+05
1.249361388967000011e+02
2.187987195558999956e+05
4.345317080814000219e+05
3.512110970596999978e+05
2.576792282642999794e+02
6.052152159633999690e+05
1.105429668166999938e+06
6.356926560931999702e+05
1.607003402510999877e+02
3.393090320261999732e+05
7.620256447125000414e+05
5.581947019103999482e+05
8.112822126272999412e+01
1.858369792322000139e+05
1.880687234240999969e+05
1.576411595667999936e+05
1.956317418097999905e+02
5.137026477144000237e+05
8.730737578030000441e+05
5.147805254634000012e+05
1.960743214517999888e+02
5.150629344541999744e+05
8.812868656512999441e+05
5.216333465720000095e+05
1.959611851065999986e+02
5.146405710837999941e+05
8.786973523839999689e+05
5.194661966751000145e+05
1.959611851065999986e+02
5.146405710837999941e+05
8.786973523839999689e+05
5.194661966751000145e+05
8.663165060004000395e+01
1.510833615659000061e+05
2.108059729640999867e+05
2.151320501817000040e+05
2.836487735930999747e+02
2.014424133709999966e+06
2.385795621143999975e+06
5.063470977836999809e+05
2.796664984483999774e+02
2.014868055996000068e+06
2.366714197414000053e+06
4.868217283588999999e+05
1.869751860524999927e+02
1.169673135677000042e+06
1.931594441472999984e+06
8.978556187990000471e+05
1.781350912258999983e+02
4.867557259534000186e+05
8.718035810898999916e+05
5.205252440676999977e+05
2.112654668438999863e+02
5.910244909706000471e+05
1.047609264292999986e+06
5.920621622537999647e+05
1.733531134622000138e+02
5.161765909822999965e+05
9.558300017403999809e+05
4.566477378332000226e+05
1.510824175591999960e+02
4.277479487598999985e+05
6.978604390503000468e+05
4.055898792216000147e+05
7.769088957530999551e+01
1.866017663527000113e+05
1.848997268235000083e+05
1.332735203314000100e+05
3.116127034954000123e+02
1.303836064009000082e+06
1.773045601737000048e+06
5.824866251352999825e+05
8.009842480400000397e+01
2.086182643013999914e+05
2.274446639215000032e+05
1.744811106450000079e+05
2.950566337381999915e+02
8.424560172984000528e+05
1.343712260986000067e+06
6.366698125862999586e+05
2.544420956405000140e+02
5.734799296444000211e+05
1.218911135056999978e+06
7.583296775859999470e+05
2.114658944834999943e+02
5.274545090983000118e+05
9.031712556016000453e+05
4.889584392006000271e+05
2.594898770528999989e+02
6.510370264802000020e+05
1.196011396736999974e+06
6.582160629544999683e+05
2.777156050049999862e+02
7.322390084805999650e+05
1.251276840905999998e+06
6.322331950388000114e+05
3.472804094062000217e+02
6.797986825852999464e+05
1.828490458514000056e+06
1.269965167995000025e+06
8.819018798416999516e+02
5.460197166968000121e+06
8.270347717100000009e+06
2.990117963279000018e+06
3.484013954161999891e+02
7.287060394170000218e+05
1.905004197010000004e+06
1.297147418530999916e+06
2.449563372647000108e+02
5.856243591972000431e+05
1.123022972837999929e+06
6.583708429300000425e+05
2.142527402867000035e+02
6.114069973986999830e+05
1.016480444051999948e+06
5.258484310413999483e+05
1.723675902617000020e+02
4.484056831952999928e+05
7.764509478947999887e+05
4.409751692204999854e+05
2.123706333837999978e+02
5.364595718427000102e+05
1.113084621040999889e+06
6.895235031557000475e+05
2.901968897461999859e+02
8.311796410703000147e+05
1.343693400790000102e+06
6.254122948056999594e+05
3.281008887035000043e+02
1.407606304328999948e+06
1.739556525544000091e+06
4.448486578550999984e+05
2.901088663478000171e+02
8.306208685375000350e+05
1.342011934212000109e+06
6.242896007601999445e+05
2.901088663478000171e+02
8.306208685375000350e+05
1.342011934212000109e+06
6.242896007601999445e+05
2.919917640464000215e+02
7.881073324307999574e+05
1.287346726868000114e+06
6.347175983264000388e+05
2.919917640464000215e+02
7.881073324307999574e+05
1.287346726868000114e+06
6.347175983264000388e+05
2.949086368758000276e+02
8.415475018291999586e+05
1.340752480045000091e+06
6.346832567222999642e+05
2.949086368758000276e+02
8.415475018291999586e+05
1.340752480045000091e+06
6.346832567222999642e+05
2.525653146443999901e+02
6.312258674696000526e+05
1.117898566829999909e+06
5.991525183926000027e+05
1.330136870835000025e+02
2.194048311327999982e+05
3.335001060415999964e+05
2.040813320530999918e+05
1.093330589811999971e+02
2.230573414503000095e+05
2.579006880054000067e+05
1.248270531288000057e+05
1.032533441192999959e+02
2.898547388780000038e+05
3.057376532451999956e+05
1.058666209410000010e+05
1.823082189586000084e+02
4.573455061299999943e+05
6.916979220805000514e+05
4.334414139716000063e+05
4.435886109435999742e+02
1.214746146340999985e+06
5.014631111557999975e+05
1.288722622619000031e+06
1.494620002188999877e+02
3.565630927465999848e+05
4.469328211642000242e+05
1.747294644894000085e+05
5.764144094529000029e+01
1.074014390279999934e+05
7.624630199173999426e+04
3.633265405299000122e+04
3.946171552130000038e+01
2.211082656388999894e+05
2.074191787798999867e+05
3.130276642780999828e+04
2.597053862785000078e+01
6.959123021593000158e+04
2.492524474149999878e+04
4.534160113393999927e+04
1.466786936933000050e+02
5.343178821418000152e+05
6.607121214034999721e+05
2.467932725297999859e+05
1.232238024460999952e+02
1.894954365319999924e+05
2.570963663673000119e+05
1.631314068576999998e+05
2.047001542364000102e+02
7.745573219548000488e+05
9.857145099856000161e+05
3.080877001487999805e+05
2.099724157741999875e+02
5.382836636575999437e+05
8.583994324200999690e+05
5.192047709711000207e+05
2.355311844272000030e+02
5.853192008269999642e+05
9.892449786708999891e+05
6.030147921162999701e+05
2.898082074229000114e+02
6.970971750245000003e+05
1.298129052685000002e+06
6.759434474459999474e+05
1.152469109793999991e+02
2.068430519643999869e+05
2.612408018256000069e+05
2.534867481744000106e+05
1.184317352941999957e+02
1.761677077981999901e+05
2.915201627762999851e+05
3.144414315063999966e+05
1.214158651772999953e+01
2.811991437506999864e+04
1.214158651773000058e-02
2.811991437506999864e+04
1.439899313251000024e+02
2.943960346265999833e+05
4.163022471307999804e+05
2.118899190779000055e+05
1.054822183584000044e+02
1.248953843347999937e+05
3.879741920249999966e+05
3.038652771722999751e+05
2.275154570903999911e+02
4.673265241821000236e+05
1.014886795551000047e+06
5.883468254960000049e+05
1.524594176937000043e+02
2.919632233517999994e+05
7.615199113635000540e+05
5.103431493967000279e+05
6.964325174388000050e+01
1.285254582924999995e+05
1.880687119391000015e+05
1.003296386270999938e+05
1.894216409210999927e+02
5.038067098963999888e+05
9.679049125612999778e+05
5.048845876454000245e+05
1.771970136790000083e+02
4.751471763695999980e+05
9.168835358244000236e+05
4.825227444353000028e+05
1.770839554590000091e+02
4.746245641298000119e+05
9.136896808757999679e+05
4.798515017264999915e+05
1.897510579554000003e+02
5.048447238975000218e+05
9.741300004110999871e+05
5.100716614942000015e+05
7.514668108118000589e+01
9.377184062618999451e+04
2.108059614790999913e+05
1.578205292419999896e+05
2.132955631275000030e+02
1.373819049617999932e+06
1.717652243221000070e+06
3.846196290731999907e+05
2.083287502100999973e+02
1.374890124638000038e+06
1.692074554107999895e+06
3.579708415309999837e+05
7.770877060483999799e+01
1.280997314681999997e+05
2.816669524454000057e+05
1.945222083296999917e+05
1.518974623414000007e+02
4.067624859923999757e+05
8.034474475048000459e+05
4.374713464927999885e+05
1.310302127189000032e+02
3.373048427632999956e+05
6.299180192361000227e+05
3.379200524554000003e+05
1.148802603838999943e+02
3.275222080580000184e+05
5.807330662754999939e+05
2.871995123678999953e+05
5.481729491075000027e+01
1.141360495553999936e+05
1.744213815100000065e+05
1.010717169350000040e+05
5.675990500068999722e+01
1.045826523865000054e+05
1.229561722418999998e+05
5.915990483585999755e+04
3.446763728273999732e+02
1.269670748686000006e+06
2.121727599694000091e+06
8.861720939304999774e+05
1.155333982557000070e+02
8.305359918031000416e+04
4.429870271164000151e+05
4.009651756228000158e+05
2.649033825823000257e+02
7.046650752045999980e+05
1.253234820561999921e+06
5.893562994842999615e+05
2.462421044740999889e+02
5.264875244022000115e+05
1.212259896535000065e+06
7.197873688043999719e+05
1.948614114194000138e+02
4.747023763489000266e+05
9.129764786950000562e+05
4.723965151484999806e+05
2.018695699534999903e+02
5.040432117626999971e+05
9.817693728839999530e+05
5.118485739238000242e+05
1.957728512266000109e+02
5.369585686309000012e+05
9.543359276457000524e+05
4.514997718172000023e+05
2.723207550576000244e+02
5.785582214649999514e+05
1.432505132420999929e+06
9.039703681244000327e+05
6.118235398007000185e+02
3.384065460828999989e+06
4.967926294257000089e+06
1.638242680068999995e+06
2.688061814553000204e+02
5.993965283800000325e+05
1.455324812467999989e+06
9.057556510728000430e+05
2.413386357038999961e+02
5.333423568141000578e+05
1.087107648399000056e+06
6.035926585689999629e+05
1.875297265785000036e+02
5.176341403459999710e+05
9.152977617143000243e+05
4.474909883527000202e+05
3.389156197199000076e+01
5.851023252441999648e+04
7.730571823456000129e+04
5.278413986054999987e+04
2.371950336508000134e+02
4.974491946537999902e+05
1.416919845811000094e+06
9.534594466651000548e+05
2.614066056652000043e+02
7.012662080411999486e+05
1.253234817065000068e+06
5.859574323209000286e+05
3.629206911965000018e+02
1.297803625931000104e+06
1.965461530490000034e+06
7.016467121921000071e+05
2.613185822667999787e+02
7.007074355083999690e+05
1.251553350487000076e+06
5.848347382753000129e+05
2.613185822667999787e+02
7.007074355083999690e+05
1.251553350486000068e+06
5.848347382753000129e+05
2.618279928724999763e+02
6.502186406493999530e+05
1.196803854251000099e+06
5.873717677290999563e+05
2.618279928724999763e+02
6.502186406493999530e+05
1.196803854251000099e+06
5.873717677290999563e+05
2.647448657018999825e+02
7.036588100477999542e+05
1.250209607428000076e+06
5.873374261250999989e+05
2.647448657018999825e+02
7.036588100477999542e+05
1.250209607428000076e+06
5.873374261250999989e+05
2.394461106573999984e+02
5.566842427348999772e+05
1.109984049429999897e+06
5.872886466601999709e+05
1.404535124632000134e+02
2.097504086413999903e+05
3.872969372543999925e+05
2.047383104640000092e+05
1.432472959529000036e+02
2.333914479937999859e+05
3.507035084058999782e+05
1.445029837323999964e+05
1.308377842474000090e+02
3.042529328547000187e+05
4.013355662739999825e+05
1.242735690763000021e+05
1.795749050016999888e+02
4.240449302574999747e+05
7.278618566645999672e+05
3.639769007815999794e+05
1.784804142552000030e+02
4.225583753089000238e+05
7.244906216196999885e+05
3.719489113665000186e+05
1.443625338813999974e+02
3.271289730469000060e+05
4.469328160647000186e+05
1.452953447897000005e+05
5.356186787533000171e+01
8.385414326820999850e+04
7.624629791215999285e+04
1.278535829319000004e+04
5.884259440433999799e+01
3.987327651748000062e+05
4.026396886845999979e+05
1.750238516992999939e+04
2.473006924518999838e+01
4.562094578059000196e+04
3.241249985333999939e+04
1.398248007334000067e+04
2.015891644188000100e+02
5.007461095489999861e+05
9.985773823902000440e+05
5.476587410955999512e+05
1.220601527941999933e+02
1.629731062829000002e+05
2.570963652035999985e+05
1.366090766087000084e+05
3.023638866361000055e+02
9.365961810178000014e+05
1.612018057904999936e+06
7.162083366596000269e+05
2.059363926954999897e+02
5.520494866993000032e+05
8.623293089641999686e+05
3.704397828510000254e+05
1.903446675120000009e+02
5.037546811942000058e+05
8.271294160625999793e+05
3.835346830409999820e+05
2.851667502573999968e+02
6.707231332649999531e+05
1.297222686585000018e+06
6.491361310466999421e+05
1.095784349922000018e+02
1.614748094495999976e+05
2.864536557163000107e+05
1.851388178210000042e+05
1.302818841632000044e+02
1.995676353925000003e+05
3.843994159721999895e+05
2.449917455251000065e+05
8.741942292767999945e+00
8.497167908571000225e+03
8.741942292767999889e-03
8.497167908571000225e+03
1.493666215574000091e+02
2.323850125801000104e+05
4.146560308908000006e+05
2.094619416309999942e+05
1.054822183584000044e+02
1.248953843347999937e+05
3.879741920249999966e+05
3.038652771722999751e+05
2.275154570903999911e+02
4.673265241821000236e+05
1.014886795551000047e+06
5.883468254960000049e+05
1.564457433791999961e+02
2.942234716764999903e+05
7.938440320912000025e+05
5.449275144626999972e+05
6.964325174388000050e+01
1.285254582924999995e+05
1.880687119391000015e+05
1.003296386270999938e+05
1.569317469522999886e+02
4.014869366181999794e+05
7.632653660049999598e+05
4.025648143672000151e+05
1.571730521121999971e+02
4.024140219044000260e+05
7.688594780416999711e+05
4.072318411177999806e+05
1.571607322634000070e+02
4.022086630022000172e+05
7.675868559185999911e+05
4.061645778969000094e+05
1.571607322634000070e+02
4.022086630022000172e+05
7.675868559185999911e+05
4.061645778969000094e+05
7.514668108118000589e+01
9.377184062618999451e+04
2.108059614790999913e+05
1.578205292419999896e+05
2.132955631275000030e+02
1.373819049617999932e+06
1.717652243221000070e+06
3.846196290731999907e+05
2.083287502100999973e+02
1.374890124638000038e+06
1.692074554107999895e+06
3.579708415309999837e+05
7.762204638583999383e+01
1.279300913862000016e+05
2.814962746534000034e+05
1.943525682476999937e+05
1.558238298239000130e+02
4.161296994227999821e+05
8.223152138050999492e+05
4.469718993628000026e+05
1.390251160939000101e+02
3.530910404400000116e+05
6.571032630273000104e+05
3.538395895718000247e+05
1.183218481868999987e+02
3.357328729114999878e+05
5.970971256459000288e+05
2.953529068848000024e+05
1.260957242347000005e+02
3.330171922906999825e+05
6.062350263154000277e+05
3.185247100073000183e+05
5.870477220800000140e+01
1.099464156606000033e+05
1.323128194636999979e+05
6.315278878360000090e+04
3.129888008626999749e+02
1.273567162000000011e+06
1.864479542741999961e+06
6.328204731729000341e+05
1.154072368414000067e+02
8.268127038992999587e+04
4.427373377110000001e+05
4.008425467280999874e+05
2.650264415481000242e+02
7.054462535195000237e+05
1.255592198577000061e+06
5.909324991852999665e+05
2.463284668485999873e+02
5.268605432715000352e+05
1.228833370012999978e+06
7.360140380390000064e+05
1.756220482473000004e+02
4.245669618968999712e+05
7.849746685148000252e+05
3.943963607683000155e+05
2.421051420571000108e+02
5.751020313608000288e+05
1.121243274554000003e+06
5.801298973431000486e+05
2.414350265042999979e+02
6.210406637444000226e+05
1.121323972864999902e+06
5.342719632709999569e+05
2.499103588739000088e+02
4.567178583437000052e+05
1.299773184395000106e+06
8.928826930353000062e+05
6.118235398007000185e+02
3.384065460828999989e+06
4.967926294257000089e+06
1.638242680068999995e+06
2.758425429833000067e+02
6.161833168045999482e+05
1.489137344155000057e+06
9.227813943349999608e+05
2.019001078073999906e+02
4.279708278842000291e+05
8.766035453763999976e+05
4.984600844765999936e+05
3.581071811657000126e+02
6.330050245603000512e+05
2.489007674362999853e+06
1.905830016787000000e+06
1.457888424374999943e+02
3.352181251076000044e+05
6.308115657384999795e+05
3.295820947812999948e+05
2.353216802187000098e+02
5.262631801150999963e+05
1.248370427051000064e+06
7.560960227252000477e+05
2.614066056652000043e+02
7.012662080411999486e+05
1.253234817065000068e+06
5.859574323209000286e+05
3.629206911965000018e+02
1.297803625931000104e+06
1.965461530490000034e+06
7.016467121921000071e+05
2.613185822667999787e+02
7.007074355083999690e+05
1.251553350486000068e+06
5.848347382753000129e+05
2.613185822667999787e+02
7.007074355083999690e+05
1.251553350486000068e+06
5.848347382753000129e+05
2.618279928724999763e+02
6.502186406493999530e+05
1.196803854251000099e+06
5.873717677290999563e+05
2.618279928724999763e+02
6.502186406493999530e+05
1.196803854251000099e+06
5.873717677290999563e+05
2.647448657018999825e+02
7.036588100477999542e+05
1.250209607428000076e+06
5.873374261250999989e+05
2.647448657018999825e+02
7.036588100477999542e+05
1.250209607428000076e+06
5.873374261250999989e+05
2.150681694028000095e+02
5.220808144836000283e+05
1.000160590058999951e+06
5.120686141413999721e+05
1.261598812103000000e+02
2.248549783692999918e+05
3.398500748620000086e+05
1.421860348770999990e+05
1.432472959529000036e+02
2.333914479937999859e+05
3.507035084058999782e+05
1.445029837323999964e+05
1.360982269957000028e+02
3.666447720942000160e+05
5.765344223635999952e+05
2.370805886538999912e+05
2.021640838861999896e+02
5.118716577603999758e+05
8.156885841676000273e+05
3.639769233707999811e+05
1.856892196320000039e+02
4.505862106141999830e+05
7.525608447007000213e+05
3.719912991420999751e+05
1.443625338813999974e+02
3.271289730469000060e+05
4.469328160647000186e+05
1.452953447897000005e+05
2.137573699380000107e+02
8.862202221039000142e+04
1.629109579161999980e+06
1.560880760599999921e+06
2.688308034551999981e+01
2.782845220151999820e+04
3.491846985598000174e+04
2.068547931461999906e+04
1.898228348698000048e+02
2.901936785342000076e+05
1.063239072191999992e+06
8.002363207643999485e+05
2.186736393742000075e+02
5.014534844735999941e+05
1.058005096211999888e+06
6.063790970774999587e+05
2.232537094712999988e+02
2.096516701069000119e+05
1.056667133932000026e+06
8.895012815128000220e+05
2.465260478405000129e+02
5.653352636742000468e+05
1.169572066682999954e+06
6.450232627811999992e+05
2.115401374253999904e+02
5.217055142291000229e+05
9.112857934482999844e+05
4.497402620820999728e+05
2.250350257144000068e+02
5.218366845433000126e+05
9.952269728437999729e+05
5.335502711635000305e+05
2.851667502573999968e+02
6.707231332649999531e+05
1.297222686585000018e+06
6.491361310466999421e+05
1.368183271764000040e+02
2.673835102620000253e+05
3.923623565286999801e+05
1.851388450608999992e+05
1.297278447841000002e+02
1.974135302865999984e+05
3.822876986418999732e+05
2.450341255378999922e+05
1.423340406834999960e+01
8.539342335007000656e+03
4.154848721348999788e+03
1.260983346153999992e+04
1.620735199538999893e+02
3.841946090505999746e+05
6.105879113157000393e+05
2.584785917831000115e+05
1.054822183584000044e+02
1.248953843347999937e+05
3.879741920249999966e+05
3.038652771722999751e+05
2.275154570903999911e+02
4.673265241821000236e+05
1.014886795551000047e+06
5.883468254960000049e+05
1.571101309933999914e+02
2.964837166792000062e+05
7.615199160141999600e+05
5.148636427240999765e+05
6.964325174388000050e+01
1.285254582924999995e+05
1.880687119391000015e+05
1.003296386270999938e+05
1.569317469522999886e+02
4.014869366181999794e+05
7.632653660049999598e+05
4.025648143672000151e+05
1.571730521121999971e+02
4.024140219044000260e+05
7.688594780416999711e+05
4.072318411177999806e+05
1.571607322634000070e+02
4.022086630022000172e+05
7.675868559185999911e+05
4.061645778969000094e+05
1.571607322634000070e+02
4.022086630022000172e+05
7.675868559185999911e+05
4.061645778969000094e+05
7.514668108118000589e+01
9.377184062618999451e+04
2.108059614790999913e+05
1.578205292419999896e+05
2.132955631275000030e+02
1.373819049617999932e+06
1.717652243221000070e+06
3.846196290731999907e+05
2.083287502100999973e+02
1.374890124638000038e+06
1.692074554107999895e+06
3.579708415309999837e+05
7.762204638583999383e+01
1.279300913862000016e+05
2.814962746534000034e+05
1.943525682476999937e+05
1.519363372669000114e+02
4.068552306798999780e+05
8.036342570720999502e+05
4.375654113727000076e+05
1.333944442943999888e+02
3.396578341143999714e+05
6.301048311288000550e+05
3.402743639988999930e+05
1.234495035751999978e+02
3.479660229243999929e+05
6.213317411278999643e+05
3.073543723538999911e+05
1.333470483081999873e+02
3.463055632758000284e+05
6.294304720662999898e+05
3.329522757749999873e+05
5.675990500068999722e+01
1.045826523865000054e+05
1.229561722418999998e+05
5.915990483585999755e+04
3.170625459711999952e+02
1.277526842244999949e+06
1.864479546816000016e+06
6.367801534182999749e+05
1.154072368414000067e+02
8.268127038992999587e+04
4.427373377110000001e+05
4.008425467280999874e+05
2.649033825823000257e+02
7.046650752045999980e+05
1.253234820561999921e+06
5.893562994842999615e+05
2.462421044740999889e+02
5.264875244022000115e+05
1.212259896535000065e+06
7.197873688043999719e+05
1.759344833657000038e+02
4.249882244158000103e+05
7.863370081758999731e+05
3.953374379104999825e+05
2.421051420571000108e+02
5.751020313608000288e+05
1.121243274554000003e+06
5.801298973431000486e+05
2.414350265042999979e+02
6.210406637444000226e+05
1.121323972864999902e+06
5.342719632709999569e+05
2.505081499519999966e+02
4.590679663651000010e+05
1.302123579356000060e+06
8.928829799750000238e+05
6.118235398007000185e+02
3.384065460828999989e+06
4.967926294257000089e+06
1.638242680068999995e+06
2.681453077205999875e+02
5.978198686936999438e+05
1.452149049824000103e+06
9.041565481145000085e+05
1.581964642609000009e+02
3.965015354257000145e+05
7.331914863543000538e+05
3.865173179131000070e+05
3.519821091090000209e+02
6.198072092983999755e+05
2.462808291147999931e+06
1.892828448833999922e+06
1.341452365758999861e+02
3.207639107153000077e+05
5.879168787145999959e+05
3.011416221497000079e+05
2.352987437365999881e+02
5.262261441186999436e+05
1.248332058903000085e+06
7.560946905744000105e+05
2.614066056652000043e+02
7.012662080411999486e+05
1.253234817065000068e+06
5.859574323209000286e+05
3.629206911965000018e+02
1.297803625931000104e+06
1.965461530490000034e+06
7.016467121921000071e+05
2.613185822667999787e+02
7.007074355083999690e+05
1.251553350486000068e+06
5.848347382753000129e+05
2.613185822667999787e+02
7.007074355083999690e+05
1.251553350486000068e+06
5.848347382753000129e+05
2.618279928724999763e+02
6.502186406493999530e+05
1.196803854251000099e+06
5.873717677290999563e+05
2.618279928724999763e+02
6.502186406493999530e+05
1.196803854251000099e+06
5.873717677290999563e+05
2.647448657018999825e+02
7.036588100477999542e+05
1.250209607428000076e+06
5.873374261250999989e+05
2.647448657018999825e+02
7.036588100477999542e+05
1.250209607428000076e+06
5.873374261250999989e+05
2.164668801697000049e+02
5.220808158824000275e+05
1.016932530863999971e+06
5.288405549465999939e+05
1.262438038563000049e+02
2.253248377660000115e+05
3.403199342586999992e+05
1.421860349609999976e+05
1.432472959529000036e+02
2.333914479937999859e+05
3.507035084058999782e+05
1.445029837323999964e+05
1.341470534309999891e+02
3.559267490189999808e+05
5.561408254414000548e+05
2.274050148906999966e+05
2.021640838861999896e+02
5.118716577603999758e+05
8.156885841676000273e+05
3.639769233707999811e+05
1.683509279067999955e+02
3.883242161390000256e+05
6.919237105511999689e+05
3.701833053986000014e+05
1.083838810838999933e+02
3.140687220812999876e+05
3.405770401029000059e+05
5.199981979336000222e+04
2.107249364472000082e+02
8.854014650613999402e+04
1.627490259677999886e+06
1.559343316821000073e+06
2.382289136853999878e+01
2.770098311520000061e+04
3.323116164312999899e+04
1.912564018809000117e+04
1.836890757596000014e+02
2.885662237004999770e+05
1.046174044831000036e+06
7.847987475986999925e+05
2.180354775868999866e+02
5.010453927739000064e+05
1.057597004511999898e+06
6.063790964392999886e+05
2.232537094712999988e+02
2.096516701069000119e+05
1.056667133932000026e+06
8.895012815128000220e+05
2.465260478405000129e+02
5.653352636742000468e+05
1.169572066682999954e+06
6.450232627811999992e+05
2.115401374253999904e+02
5.217055142291000229e+05
9.112857934482999844e+05
4.497402620820999728e+05
2.250350257144000068e+02
5.218366845433000126e+05
9.952269728437999729e+05
5.335502711635000305e+05
2.851667502573999968e+02
6.707231332649999531e+05
1.297222686585000018e+06
6.491361310466999421e+05
1.368183271764000040e+02
2.673835102620000253e+05
3.923623565286999801e+05
1.851388450608999992e+05
1.141554254020000059e+02
1.368679637290000101e+05
3.216505662582999794e+05
2.449425597118999867e+05
1.423340406834999960e+01
8.539342335007000656e+03
4.154848721348999788e+03
1.260983346153999992e+04
1.619583120453000049e+02
3.731038029151000082e+05
5.873740625533000566e+05
2.512499153538999963e+05
